{'sphere_lamr_small': {'weight': 0.5, 'spacecraftConfig': {'type': '3DoF', 'mass': 1.0, 'radius': 5.641895835477564e-05, 'time': datetime.datetime(2018, 7, 12, 9, 0), 'brdf_function': <function lambertian_sphere at 0x000001D436FF1F28>, 'intfcn': <function ode_twobody_j2_drag_srp_ukf at 0x000001D436FF7B70>, 'integrator': 'dop853', 'X': array([-1.42215872e+03, -3.75500869e+02, -6.98401558e+03, -6.11725664e+00,
       -4.00335027e+00,  1.46370517e+00]), 'covar': array([[1.e+00, 0.e+00, 0.e+00, 0.e+00, 0.e+00, 0.e+00],
       [0.e+00, 1.e+00, 0.e+00, 0.e+00, 0.e+00, 0.e+00],
       [0.e+00, 0.e+00, 1.e+00, 0.e+00, 0.e+00, 0.e+00],
       [0.e+00, 0.e+00, 0.e+00, 1.e-06, 0.e+00, 0.e+00],
       [0.e+00, 0.e+00, 0.e+00, 0.e+00, 1.e-06, 0.e+00],
       [0.e+00, 0.e+00, 0.e+00, 0.e+00, 0.e+00, 1.e-06]])}, 'forcesCoeff': {'order': 2, 'degree': 0, 'dragCoeff': 2.2, 'emissivity': 0.05, 'solar_flux': 1367.0, 'Q': array([[1.e-12, 0.e+00, 0.e+00],
       [0.e+00, 1.e-12, 0.e+00],
       [0.e+00, 0.e+00, 1.e-12]])}, 'surfaces': {0: {'brdf_params': {'cSunVis': 455.0, 'd': 1.0, 'rho': 0.75, 's': 0.0, 'Fo': 0.5}}}}, 'cubesat_nadir': {'weight': 0.5, 'spacecraftConfig': {'type': '3att', 'mass': 1.0, 'time': datetime.datetime(2018, 7, 12, 9, 0), 'brdf_function': <function ashikhmin_premoze at 0x000001D436FF70D0>, 'intfcn': <function ode_twobody_j2_drag_srp_notorque_ukf at 0x000001D436FF7EA0>, 'integrator': 'dop853', 'X': array([-1.42215872e+03, -3.75500869e+02, -6.98401558e+03, -6.11725664e+00,
       -4.00335027e+00,  1.46370517e+00,  1.03556064e-01, -2.98808893e-03,
        9.54048626e-01, -2.81173314e-01, -2.54109884e-20, -1.04426738e-03,
       -1.35525272e-20]), 'moi': array([[1.66666667e-09, 0.00000000e+00, 0.00000000e+00],
       [0.00000000e+00, 8.33333333e-09, 0.00000000e+00],
       [0.00000000e+00, 0.00000000e+00, 8.33333333e-09]]), 'comOffset': array([0., 0., 0.]), 'covar': array([[1.e+00, 0.e+00, 0.e+00, 0.e+00, 0.e+00, 0.e+00],
       [0.e+00, 1.e+00, 0.e+00, 0.e+00, 0.e+00, 0.e+00],
       [0.e+00, 0.e+00, 1.e+00, 0.e+00, 0.e+00, 0.e+00],
       [0.e+00, 0.e+00, 0.e+00, 1.e-06, 0.e+00, 0.e+00],
       [0.e+00, 0.e+00, 0.e+00, 0.e+00, 1.e-06, 0.e+00],
       [0.e+00, 0.e+00, 0.e+00, 0.e+00, 0.e+00, 1.e-06]])}, 'forcesCoeff': {'order': 2, 'degree': 0, 'dragCoeff': 3.0, 'emissivity': 0.05, 'solar_flux': 1367.0, 'Q': array([[1.e-10, 0.e+00, 0.e+00],
       [0.e+00, 1.e-10, 0.e+00],
       [0.e+00, 0.e+00, 1.e-10]])}, 'surfaces': {0: {'brdf_params': {'cSunVis': 455, 'd': 0.5, 'rho': 0.75, 's': 0.5, 'Fo': 0.75, 'nu': 10, 'nv': 10}, 'area': 1.0000000000000002e-08, 'center': array([[0.00015],
       [0.     ],
       [0.     ]]), 'norm_body_hat': array([[1.],
       [0.],
       [0.]]), 'u_body_hat': array([[0.],
       [1.],
       [0.]]), 'v_body_hat': array([[0.],
       [0.],
       [1.]])}, 1: {'brdf_params': {'cSunVis': 455, 'd': 0.5, 'rho': 0.75, 's': 0.5, 'Fo': 0.75, 'nu': 10, 'nv': 10}, 'area': 1.0000000000000002e-08, 'center': array([[-0.00015],
       [ 0.     ],
       [ 0.     ]]), 'norm_body_hat': array([[-1.],
       [ 0.],
       [ 0.]]), 'u_body_hat': array([[0.],
       [1.],
       [0.]]), 'v_body_hat': array([[ 0.],
       [ 0.],
       [-1.]])}, 2: {'brdf_params': {'cSunVis': 455, 'd': 0.5, 'rho': 0.75, 's': 0.5, 'Fo': 0.75, 'nu': 10, 'nv': 10}, 'area': 3e-08, 'center': array([[0.e+00],
       [5.e-05],
       [0.e+00]]), 'norm_body_hat': array([[0.],
       [1.],
       [0.]]), 'u_body_hat': array([[-1.],
       [ 0.],
       [ 0.]]), 'v_body_hat': array([[0.],
       [0.],
       [1.]])}, 3: {'brdf_params': {'cSunVis': 455, 'd': 0.5, 'rho': 0.75, 's': 0.5, 'Fo': 0.75, 'nu': 10, 'nv': 10}, 'area': 3e-08, 'center': array([[ 0.e+00],
       [-5.e-05],
       [ 0.e+00]]), 'norm_body_hat': array([[ 0.],
       [-1.],
       [ 0.]]), 'u_body_hat': array([[1.],
       [0.],
       [0.]]), 'v_body_hat': array([[0.],
       [0.],
       [1.]])}, 4: {'brdf_params': {'cSunVis': 455, 'd': 0.5, 'rho': 0.75, 's': 0.5, 'Fo': 0.75, 'nu': 10, 'nv': 10}, 'area': 3e-08, 'center': array([[0.e+00],
       [0.e+00],
       [5.e-05]]), 'norm_body_hat': array([[0.],
       [0.],
       [1.]]), 'u_body_hat': array([[1.],
       [0.],
       [0.]]), 'v_body_hat': array([[0.],
       [1.],
       [0.]])}, 5: {'brdf_params': {'cSunVis': 455, 'd': 0.5, 'rho': 0.75, 's': 0.5, 'Fo': 0.75, 'nu': 10, 'nv': 10}, 'area': 3e-08, 'center': array([[ 0.e+00],
       [ 0.e+00],
       [-5.e-05]]), 'norm_body_hat': array([[ 0.],
       [ 0.],
       [-1.]]), 'u_body_hat': array([[1.],
       [0.],
       [0.]]), 'v_body_hat': array([[ 0.],
       [-1.],
       [ 0.]])}}}}
Current time:  2018-07-12 20:18:30
cubesat_nadir
{'type': '3att', 'mass': 1.0, 'time': datetime.datetime(2018, 7, 12, 9, 0), 'brdf_function': <function ashikhmin_premoze at 0x000001D436FF70D0>, 'intfcn': <function ode_twobody_j2_drag_srp_notorque_ukf at 0x000001D436FF7EA0>, 'integrator': 'dop853', 'X': array([-1.42215872e+03, -3.75500869e+02, -6.98401558e+03, -6.11725664e+00,
       -4.00335027e+00,  1.46370517e+00,  1.03556064e-01, -2.98808893e-03,
        9.54048626e-01, -2.81173314e-01, -2.54109884e-20, -1.04426738e-03,
       -1.35525272e-20]), 'moi': array([[1.66666667e-09, 0.00000000e+00, 0.00000000e+00],
       [0.00000000e+00, 8.33333333e-09, 0.00000000e+00],
       [0.00000000e+00, 0.00000000e+00, 8.33333333e-09]]), 'comOffset': array([0., 0., 0.]), 'covar': array([[1.e+00, 0.e+00, 0.e+00, 0.e+00, 0.e+00, 0.e+00],
       [0.e+00, 1.e+00, 0.e+00, 0.e+00, 0.e+00, 0.e+00],
       [0.e+00, 0.e+00, 1.e+00, 0.e+00, 0.e+00, 0.e+00],
       [0.e+00, 0.e+00, 0.e+00, 1.e-06, 0.e+00, 0.e+00],
       [0.e+00, 0.e+00, 0.e+00, 0.e+00, 1.e-06, 0.e+00],
       [0.e+00, 0.e+00, 0.e+00, 0.e+00, 0.e+00, 1.e-06]])}
[[-1.42215872e+03]
 [-3.75500869e+02]
 [-6.98401558e+03]
 [-6.11725664e+00]
 [-4.00335027e+00]
 [ 1.46370517e+00]
 [ 1.03556064e-01]
 [-2.98808893e-03]
 [ 9.54048626e-01]
 [-2.81173314e-01]
 [-2.54109884e-20]
 [-1.04426738e-03]
 [-1.35525272e-20]]
2018-07-12 09:00:00
delta_t 40710.0


 Predictor Step
2018-07-12 20:18:30
[[ 4.89635557e+03]
 [ 3.38754857e+03]
 [-3.91839320e+03]
 [-3.67963282e+00]
 [-1.85254301e+00]
 [-6.22836071e+00]
 [ 5.63018481e-01]
 [ 1.90785625e-01]
 [-7.77137587e-01]
 [ 2.06562840e-01]
 [-2.54109884e-20]
 [-1.04426738e-03]
 [-8.77772625e-19]]
[[ 8.05860755e+03  4.08179162e+03  1.33304976e+04  1.15060367e+01
   7.95493277e+00 -9.17487478e+00]
 [ 4.08179162e+03  2.06875896e+03  6.75051761e+03  5.82668389e+00
   4.02850844e+00 -4.64754728e+00]
 [ 1.33304976e+04  6.75051761e+03  2.20848737e+04  1.90605541e+01
   1.31765470e+01 -1.51807311e+01]
 [ 1.15060367e+01  5.82668389e+00  1.90605541e+01  1.64519878e-02
   1.13723552e-02 -1.31008499e-02]
 [ 7.95493277e+00  4.02850844e+00  1.31765470e+01  1.13723552e-02
   7.86286812e-03 -9.05787840e-03]
 [-9.17487478e+00 -4.64754728e+00 -1.51807311e+01 -1.31008499e-02
  -9.05787840e-03  1.04521460e-02]]
sphere_lamr_small
{'type': '3DoF', 'mass': 1.0, 'radius': 5.641895835477564e-05, 'time': datetime.datetime(2018, 7, 12, 9, 0), 'brdf_function': <function lambertian_sphere at 0x000001D436FF1F28>, 'intfcn': <function ode_twobody_j2_drag_srp_ukf at 0x000001D436FF7B70>, 'integrator': 'dop853', 'X': array([-1.42215872e+03, -3.75500869e+02, -6.98401558e+03, -6.11725664e+00,
       -4.00335027e+00,  1.46370517e+00]), 'covar': array([[1.e+00, 0.e+00, 0.e+00, 0.e+00, 0.e+00, 0.e+00],
       [0.e+00, 1.e+00, 0.e+00, 0.e+00, 0.e+00, 0.e+00],
       [0.e+00, 0.e+00, 1.e+00, 0.e+00, 0.e+00, 0.e+00],
       [0.e+00, 0.e+00, 0.e+00, 1.e-06, 0.e+00, 0.e+00],
       [0.e+00, 0.e+00, 0.e+00, 0.e+00, 1.e-06, 0.e+00],
       [0.e+00, 0.e+00, 0.e+00, 0.e+00, 0.e+00, 1.e-06]])}
[[-1.42215872e+03]
 [-3.75500869e+02]
 [-6.98401558e+03]
 [-6.11725664e+00]
 [-4.00335027e+00]
 [ 1.46370517e+00]]
2018-07-12 09:00:00
delta_t 40710.0


 Predictor Step
2018-07-12 20:18:30
[[ 4.89687485e+03]
 [ 3.38781383e+03]
 [-3.91761130e+03]
 [-3.67891348e+00]
 [-1.85204993e+00]
 [-6.22889294e+00]]
[[ 8.05092260e+03  4.07760227e+03  1.33218879e+04  1.14983923e+01
   7.94944527e+00 -9.16604871e+00]
 [ 4.07760227e+03  2.06648793e+03  6.74567175e+03  5.82238746e+00
   4.02543686e+00 -4.64275493e+00]
 [ 1.33218879e+04  6.74567175e+03  2.20770388e+04  1.90535095e+01
   1.31713415e+01 -1.51706135e+01]
 [ 1.14983923e+01  5.82238746e+00  1.90535095e+01  1.64456671e-02
   1.13676914e-02 -1.30918639e-02]
 [ 7.94944527e+00  4.02543686e+00  1.31713415e+01  1.13676914e-02
   7.85944184e-03 -9.05144847e-03]
 [-9.16604871e+00 -4.64275493e+00 -1.51706135e+01 -1.30918639e-02
  -9.05144847e-03  1.04420440e-02]]
predictor
{'sphere_lamr_small': {'weight': 0.5, 'spacecraftConfig': {'type': '3DoF', 'mass': 1.0, 'radius': 5.641895835477564e-05, 'time': datetime.datetime(2018, 7, 12, 9, 0), 'brdf_function': <function lambertian_sphere at 0x000001D436FF1F28>, 'intfcn': <function ode_twobody_j2_drag_srp_ukf at 0x000001D436FF7B70>, 'integrator': 'dop853', 'X': array([[ 4.89687485e+03],
       [ 3.38781383e+03],
       [-3.91761130e+03],
       [-3.67891348e+00],
       [-1.85204993e+00],
       [-6.22889294e+00]]), 'covar': array([[ 8.05092260e+03,  4.07760227e+03,  1.33218879e+04,
         1.14983923e+01,  7.94944527e+00, -9.16604871e+00],
       [ 4.07760227e+03,  2.06648793e+03,  6.74567175e+03,
         5.82238746e+00,  4.02543686e+00, -4.64275493e+00],
       [ 1.33218879e+04,  6.74567175e+03,  2.20770388e+04,
         1.90535095e+01,  1.31713415e+01, -1.51706135e+01],
       [ 1.14983923e+01,  5.82238746e+00,  1.90535095e+01,
         1.64456671e-02,  1.13676914e-02, -1.30918639e-02],
       [ 7.94944527e+00,  4.02543686e+00,  1.31713415e+01,
         1.13676914e-02,  7.85944184e-03, -9.05144847e-03],
       [-9.16604871e+00, -4.64275493e+00, -1.51706135e+01,
        -1.30918639e-02, -9.05144847e-03,  1.04420440e-02]])}, 'forcesCoeff': {'order': 2, 'degree': 0, 'dragCoeff': 2.2, 'emissivity': 0.05, 'solar_flux': 1367.0, 'Q': array([[1.e-12, 0.e+00, 0.e+00],
       [0.e+00, 1.e-12, 0.e+00],
       [0.e+00, 0.e+00, 1.e-12]])}, 'surfaces': {0: {'brdf_params': {'cSunVis': 455.0, 'd': 1.0, 'rho': 0.75, 's': 0.0, 'Fo': 0.5}}}}, 'cubesat_nadir': {'weight': 0.5, 'spacecraftConfig': {'type': '3att', 'mass': 1.0, 'time': datetime.datetime(2018, 7, 12, 9, 0), 'brdf_function': <function ashikhmin_premoze at 0x000001D436FF70D0>, 'intfcn': <function ode_twobody_j2_drag_srp_notorque_ukf at 0x000001D436FF7EA0>, 'integrator': 'dop853', 'X': array([[ 4.89635557e+03],
       [ 3.38754857e+03],
       [-3.91839320e+03],
       [-3.67963282e+00],
       [-1.85254301e+00],
       [-6.22836071e+00],
       [ 5.63018481e-01],
       [ 1.90785625e-01],
       [-7.77137587e-01],
       [ 2.06562840e-01],
       [-2.54109884e-20],
       [-1.04426738e-03],
       [-8.77772625e-19]]), 'moi': array([[1.66666667e-09, 0.00000000e+00, 0.00000000e+00],
       [0.00000000e+00, 8.33333333e-09, 0.00000000e+00],
       [0.00000000e+00, 0.00000000e+00, 8.33333333e-09]]), 'comOffset': array([0., 0., 0.]), 'covar': array([[ 8.05860755e+03,  4.08179162e+03,  1.33304976e+04,
         1.15060367e+01,  7.95493277e+00, -9.17487478e+00],
       [ 4.08179162e+03,  2.06875896e+03,  6.75051761e+03,
         5.82668389e+00,  4.02850844e+00, -4.64754728e+00],
       [ 1.33304976e+04,  6.75051761e+03,  2.20848737e+04,
         1.90605541e+01,  1.31765470e+01, -1.51807311e+01],
       [ 1.15060367e+01,  5.82668389e+00,  1.90605541e+01,
         1.64519878e-02,  1.13723552e-02, -1.31008499e-02],
       [ 7.95493277e+00,  4.02850844e+00,  1.31765470e+01,
         1.13723552e-02,  7.86286812e-03, -9.05787840e-03],
       [-9.17487478e+00, -4.64754728e+00, -1.51807311e+01,
        -1.31008499e-02, -9.05787840e-03,  1.04521460e-02]])}, 'forcesCoeff': {'order': 2, 'degree': 0, 'dragCoeff': 3.0, 'emissivity': 0.05, 'solar_flux': 1367.0, 'Q': array([[1.e-10, 0.e+00, 0.e+00],
       [0.e+00, 1.e-10, 0.e+00],
       [0.e+00, 0.e+00, 1.e-10]])}, 'surfaces': {0: {'brdf_params': {'cSunVis': 455, 'd': 0.5, 'rho': 0.75, 's': 0.5, 'Fo': 0.75, 'nu': 10, 'nv': 10}, 'area': 1.0000000000000002e-08, 'center': array([[0.00015],
       [0.     ],
       [0.     ]]), 'norm_body_hat': array([[1.],
       [0.],
       [0.]]), 'u_body_hat': array([[0.],
       [1.],
       [0.]]), 'v_body_hat': array([[0.],
       [0.],
       [1.]])}, 1: {'brdf_params': {'cSunVis': 455, 'd': 0.5, 'rho': 0.75, 's': 0.5, 'Fo': 0.75, 'nu': 10, 'nv': 10}, 'area': 1.0000000000000002e-08, 'center': array([[-0.00015],
       [ 0.     ],
       [ 0.     ]]), 'norm_body_hat': array([[-1.],
       [ 0.],
       [ 0.]]), 'u_body_hat': array([[0.],
       [1.],
       [0.]]), 'v_body_hat': array([[ 0.],
       [ 0.],
       [-1.]])}, 2: {'brdf_params': {'cSunVis': 455, 'd': 0.5, 'rho': 0.75, 's': 0.5, 'Fo': 0.75, 'nu': 10, 'nv': 10}, 'area': 3e-08, 'center': array([[0.e+00],
       [5.e-05],
       [0.e+00]]), 'norm_body_hat': array([[0.],
       [1.],
       [0.]]), 'u_body_hat': array([[-1.],
       [ 0.],
       [ 0.]]), 'v_body_hat': array([[0.],
       [0.],
       [1.]])}, 3: {'brdf_params': {'cSunVis': 455, 'd': 0.5, 'rho': 0.75, 's': 0.5, 'Fo': 0.75, 'nu': 10, 'nv': 10}, 'area': 3e-08, 'center': array([[ 0.e+00],
       [-5.e-05],
       [ 0.e+00]]), 'norm_body_hat': array([[ 0.],
       [-1.],
       [ 0.]]), 'u_body_hat': array([[1.],
       [0.],
       [0.]]), 'v_body_hat': array([[0.],
       [0.],
       [1.]])}, 4: {'brdf_params': {'cSunVis': 455, 'd': 0.5, 'rho': 0.75, 's': 0.5, 'Fo': 0.75, 'nu': 10, 'nv': 10}, 'area': 3e-08, 'center': array([[0.e+00],
       [0.e+00],
       [5.e-05]]), 'norm_body_hat': array([[0.],
       [0.],
       [1.]]), 'u_body_hat': array([[1.],
       [0.],
       [0.]]), 'v_body_hat': array([[0.],
       [1.],
       [0.]])}, 5: {'brdf_params': {'cSunVis': 455, 'd': 0.5, 'rho': 0.75, 's': 0.5, 'Fo': 0.75, 'nu': 10, 'nv': 10}, 'area': 3e-08, 'center': array([[ 0.e+00],
       [ 0.e+00],
       [-5.e-05]]), 'norm_body_hat': array([[ 0.],
       [ 0.],
       [-1.]]), 'u_body_hat': array([[1.],
       [0.],
       [0.]]), 'v_body_hat': array([[ 0.],
       [-1.],
       [ 0.]])}}}}
Yi [[ 1.44927721]
 [-0.19045187]
 [18.85529348]]
posterior
[[ 4.89635557e+03]
 [ 3.38754857e+03]
 [-3.91839320e+03]
 [-3.67963282e+00]
 [-1.85254301e+00]
 [-6.22836071e+00]
 [ 5.63018481e-01]
 [ 1.90785625e-01]
 [-7.77137587e-01]
 [ 2.06562840e-01]
 [-2.54109884e-20]
 [-1.04426738e-03]
 [-8.77772625e-19]]
[[ 4.89909421e+03]
 [ 3.38898588e+03]
 [-3.91549154e+03]
 [-3.67704564e+00]
 [-1.85068975e+00]
 [-6.23128816e+00]
 [ 5.63018481e-01]
 [ 1.90785625e-01]
 [-7.77137587e-01]
 [ 2.06562840e-01]
 [-2.54109884e-20]
 [-1.04426738e-03]
 [-8.77772625e-19]]
[[ 2.33105453e-02  1.70142502e-01 -3.21970765e-02 -2.57308446e-05
  -8.60824428e-06 -8.60334553e-05]
 [ 1.70142502e-01  1.41181202e+00 -2.77809303e-01 -2.24236576e-04
  -7.94341958e-05 -6.96135007e-04]
 [-3.21970765e-02 -2.77809303e-01  5.65792254e-02  4.57928249e-05
   1.67658464e-05  1.35831187e-04]
 [-2.57308446e-05 -2.24236576e-04  4.57928249e-05  1.55158010e-06
   1.00766595e-07  2.10703454e-06]
 [-8.60824428e-06 -7.94341958e-05  1.67658464e-05  1.00766595e-07
   1.12921689e-06  9.52257964e-07]
 [-8.60334553e-05 -6.96135007e-04  1.35831187e-04  2.10703454e-06
   9.52257964e-07  6.08867023e-06]]
[[ 1.45422709]
 [-0.19500368]
 [27.1349194 ]]
[[-4.94988335e-03]
 [ 4.55181503e-03]
 [-8.27962592e+00]]


 Corrector Step
2018-07-12 20:18:30
[[ 4.89909421e+03]
 [ 3.38898588e+03]
 [-3.91549154e+03]
 [-3.67704564e+00]
 [-1.85068975e+00]
 [-6.23128816e+00]
 [ 5.63018481e-01]
 [ 1.90785625e-01]
 [-7.77137587e-01]
 [ 2.06562840e-01]
 [-2.54109884e-20]
 [-1.04426738e-03]
 [-8.77772625e-19]]
[[ 2.33105453e-02  1.70142502e-01 -3.21970765e-02 -2.57308446e-05
  -8.60824428e-06 -8.60334553e-05]
 [ 1.70142502e-01  1.41181202e+00 -2.77809303e-01 -2.24236576e-04
  -7.94341958e-05 -6.96135007e-04]
 [-3.21970765e-02 -2.77809303e-01  5.65792254e-02  4.57928249e-05
   1.67658464e-05  1.35831187e-04]
 [-2.57308446e-05 -2.24236576e-04  4.57928249e-05  1.55158010e-06
   1.00766595e-07  2.10703454e-06]
 [-8.60824428e-06 -7.94341958e-05  1.67658464e-05  1.00766595e-07
   1.12921689e-06  9.52257964e-07]
 [-8.60334553e-05 -6.96135007e-04  1.35831187e-04  2.10703454e-06
   9.52257964e-07  6.08867023e-06]]
13.404910300896193
post
cubesat_nadir
Ybar_post [[ 1.44924297]
 [-0.19042747]
 [18.75282922]]
resids [[ 3.42413805e-05]
 [-2.43921269e-05]
 [ 1.02464260e-01]]
posterior
[[ 4.89687485e+03]
 [ 3.38781383e+03]
 [-3.91761130e+03]
 [-3.67891348e+00]
 [-1.85204993e+00]
 [-6.22889294e+00]]
[[ 4.88431504e+03]
 [ 3.38195746e+03]
 [-3.92400101e+03]
 [-3.68514900e+00]
 [-1.85689829e+00]
 [-6.21663572e+00]]
[[ 7.97459491e+00  4.47413489e+00  4.39957259e+00  4.22840922e-03
   3.28262494e-03 -8.15889798e-03]
 [ 4.47413489e+00  3.74228358e+00  2.12138850e+00  2.07478917e-03
   1.70059554e-03 -5.07672944e-03]
 [ 4.39957259e+00  2.12138850e+00  2.52646445e+00  2.41783185e-03
   1.85155044e-03 -4.36085751e-03]
 [ 4.22840922e-03  2.07478917e-03  2.41783185e-03  3.83855737e-06
   1.86628859e-06 -2.18414312e-06]
 [ 3.28262494e-03  1.70059554e-03  1.85155044e-03  1.86628859e-06
   2.49349077e-06 -2.37734813e-06]
 [-8.15889798e-03 -5.07672944e-03 -4.36085751e-03 -2.18414312e-06
  -2.37734813e-06  1.43563784e-05]]
[[ 1.45383853]
 [-0.194367  ]
 [14.62806296]]
[[-4.56132067e-03]
 [ 3.91512939e-03]
 [ 4.22723052e+00]]


 Corrector Step
2018-07-12 20:18:30
[[ 4.88431504e+03]
 [ 3.38195746e+03]
 [-3.92400101e+03]
 [-3.68514900e+00]
 [-1.85689829e+00]
 [-6.21663572e+00]]
[[ 7.97459491e+00  4.47413489e+00  4.39957259e+00  4.22840922e-03
   3.28262494e-03 -8.15889798e-03]
 [ 4.47413489e+00  3.74228358e+00  2.12138850e+00  2.07478917e-03
   1.70059554e-03 -5.07672944e-03]
 [ 4.39957259e+00  2.12138850e+00  2.52646445e+00  2.41783185e-03
   1.85155044e-03 -4.36085751e-03]
 [ 4.22840922e-03  2.07478917e-03  2.41783185e-03  3.83855737e-06
   1.86628859e-06 -2.18414312e-06]
 [ 3.28262494e-03  1.70059554e-03  1.85155044e-03  1.86628859e-06
   2.49349077e-06 -2.37734813e-06]
 [-8.15889798e-03 -5.07672944e-03 -4.36085751e-03 -2.18414312e-06
  -2.37734813e-06  1.43563784e-05]]
0.0
post
sphere_lamr_small
Ybar_post [[ 1.46029899]
 [-0.19827259]
 [14.63652498]]
resids [[-0.01102179]
 [ 0.00782072]
 [ 4.2187685 ]]
Update Weights
wbar [0.5, 0.5]
beta_list [13.404910300896193, 0.0]
wf_list [1.0, 0.0]
corrector
extracted model
{'est_weights': array([1.]), 'est_means': array([[ 4.89909421e+03],
       [ 3.38898588e+03],
       [-3.91549154e+03],
       [-3.67704564e+00],
       [-1.85068975e+00],
       [-6.23128816e+00]]), 'est_covars': array([[ 2.33105453e-02,  1.70142502e-01, -3.21970765e-02,
        -2.57308446e-05, -8.60824428e-06, -8.60334553e-05],
       [ 1.70142502e-01,  1.41181202e+00, -2.77809303e-01,
        -2.24236576e-04, -7.94341958e-05, -6.96135007e-04],
       [-3.21970765e-02, -2.77809303e-01,  5.65792254e-02,
         4.57928249e-05,  1.67658464e-05,  1.35831187e-04],
       [-2.57308446e-05, -2.24236576e-04,  4.57928249e-05,
         1.55158010e-06,  1.00766595e-07,  2.10703454e-06],
       [-8.60824428e-06, -7.94341958e-05,  1.67658464e-05,
         1.00766595e-07,  1.12921689e-06,  9.52257964e-07],
       [-8.60334553e-05, -6.96135007e-04,  1.35831187e-04,
         2.10703454e-06,  9.52257964e-07,  6.08867023e-06]])}
model bank
{'sphere_lamr_small': {'weight': array(0.), 'spacecraftConfig': {'type': '3DoF', 'mass': 1.0, 'radius': 5.641895835477564e-05, 'time': datetime.datetime(2018, 7, 12, 20, 18, 30), 'brdf_function': <function lambertian_sphere at 0x000001D436FF1F28>, 'intfcn': <function ode_twobody_j2_drag_srp_ukf at 0x000001D436FF7B70>, 'integrator': 'dop853', 'X': array([[ 4.88431504e+03],
       [ 3.38195746e+03],
       [-3.92400101e+03],
       [-3.68514900e+00],
       [-1.85689829e+00],
       [-6.21663572e+00]]), 'covar': array([[ 7.97459491e+00,  4.47413489e+00,  4.39957259e+00,
         4.22840922e-03,  3.28262494e-03, -8.15889798e-03],
       [ 4.47413489e+00,  3.74228358e+00,  2.12138850e+00,
         2.07478917e-03,  1.70059554e-03, -5.07672944e-03],
       [ 4.39957259e+00,  2.12138850e+00,  2.52646445e+00,
         2.41783185e-03,  1.85155044e-03, -4.36085751e-03],
       [ 4.22840922e-03,  2.07478917e-03,  2.41783185e-03,
         3.83855737e-06,  1.86628859e-06, -2.18414312e-06],
       [ 3.28262494e-03,  1.70059554e-03,  1.85155044e-03,
         1.86628859e-06,  2.49349077e-06, -2.37734813e-06],
       [-8.15889798e-03, -5.07672944e-03, -4.36085751e-03,
        -2.18414312e-06, -2.37734813e-06,  1.43563784e-05]])}, 'forcesCoeff': {'order': 2, 'degree': 0, 'dragCoeff': 2.2, 'emissivity': 0.05, 'solar_flux': 1367.0, 'Q': array([[1.e-12, 0.e+00, 0.e+00],
       [0.e+00, 1.e-12, 0.e+00],
       [0.e+00, 0.e+00, 1.e-12]])}, 'surfaces': {0: {'brdf_params': {'cSunVis': 455.0, 'd': 1.0, 'rho': 0.75, 's': 0.0, 'Fo': 0.5}}}, 'resids': array([[-0.01102179],
       [ 0.00782072],
       [ 4.2187685 ]])}, 'cubesat_nadir': {'weight': array(1.), 'spacecraftConfig': {'type': '3att', 'mass': 1.0, 'time': datetime.datetime(2018, 7, 12, 20, 18, 30), 'brdf_function': <function ashikhmin_premoze at 0x000001D436FF70D0>, 'intfcn': <function ode_twobody_j2_drag_srp_notorque_ukf at 0x000001D436FF7EA0>, 'integrator': 'dop853', 'X': array([[ 4.89909421e+03],
       [ 3.38898588e+03],
       [-3.91549154e+03],
       [-3.67704564e+00],
       [-1.85068975e+00],
       [-6.23128816e+00],
       [ 5.63018481e-01],
       [ 1.90785625e-01],
       [-7.77137587e-01],
       [ 2.06562840e-01],
       [-2.54109884e-20],
       [-1.04426738e-03],
       [-8.77772625e-19]]), 'moi': array([[1.66666667e-09, 0.00000000e+00, 0.00000000e+00],
       [0.00000000e+00, 8.33333333e-09, 0.00000000e+00],
       [0.00000000e+00, 0.00000000e+00, 8.33333333e-09]]), 'comOffset': array([0., 0., 0.]), 'covar': array([[ 2.33105453e-02,  1.70142502e-01, -3.21970765e-02,
        -2.57308446e-05, -8.60824428e-06, -8.60334553e-05],
       [ 1.70142502e-01,  1.41181202e+00, -2.77809303e-01,
        -2.24236576e-04, -7.94341958e-05, -6.96135007e-04],
       [-3.21970765e-02, -2.77809303e-01,  5.65792254e-02,
         4.57928249e-05,  1.67658464e-05,  1.35831187e-04],
       [-2.57308446e-05, -2.24236576e-04,  4.57928249e-05,
         1.55158010e-06,  1.00766595e-07,  2.10703454e-06],
       [-8.60824428e-06, -7.94341958e-05,  1.67658464e-05,
         1.00766595e-07,  1.12921689e-06,  9.52257964e-07],
       [-8.60334553e-05, -6.96135007e-04,  1.35831187e-04,
         2.10703454e-06,  9.52257964e-07,  6.08867023e-06]])}, 'forcesCoeff': {'order': 2, 'degree': 0, 'dragCoeff': 3.0, 'emissivity': 0.05, 'solar_flux': 1367.0, 'Q': array([[1.e-10, 0.e+00, 0.e+00],
       [0.e+00, 1.e-10, 0.e+00],
       [0.e+00, 0.e+00, 1.e-10]])}, 'surfaces': {0: {'brdf_params': {'cSunVis': 455, 'd': 0.5, 'rho': 0.75, 's': 0.5, 'Fo': 0.75, 'nu': 10, 'nv': 10}, 'area': 1.0000000000000002e-08, 'center': array([[0.00015],
       [0.     ],
       [0.     ]]), 'norm_body_hat': array([[1.],
       [0.],
       [0.]]), 'u_body_hat': array([[0.],
       [1.],
       [0.]]), 'v_body_hat': array([[0.],
       [0.],
       [1.]])}, 1: {'brdf_params': {'cSunVis': 455, 'd': 0.5, 'rho': 0.75, 's': 0.5, 'Fo': 0.75, 'nu': 10, 'nv': 10}, 'area': 1.0000000000000002e-08, 'center': array([[-0.00015],
       [ 0.     ],
       [ 0.     ]]), 'norm_body_hat': array([[-1.],
       [ 0.],
       [ 0.]]), 'u_body_hat': array([[0.],
       [1.],
       [0.]]), 'v_body_hat': array([[ 0.],
       [ 0.],
       [-1.]])}, 2: {'brdf_params': {'cSunVis': 455, 'd': 0.5, 'rho': 0.75, 's': 0.5, 'Fo': 0.75, 'nu': 10, 'nv': 10}, 'area': 3e-08, 'center': array([[0.e+00],
       [5.e-05],
       [0.e+00]]), 'norm_body_hat': array([[0.],
       [1.],
       [0.]]), 'u_body_hat': array([[-1.],
       [ 0.],
       [ 0.]]), 'v_body_hat': array([[0.],
       [0.],
       [1.]])}, 3: {'brdf_params': {'cSunVis': 455, 'd': 0.5, 'rho': 0.75, 's': 0.5, 'Fo': 0.75, 'nu': 10, 'nv': 10}, 'area': 3e-08, 'center': array([[ 0.e+00],
       [-5.e-05],
       [ 0.e+00]]), 'norm_body_hat': array([[ 0.],
       [-1.],
       [ 0.]]), 'u_body_hat': array([[1.],
       [0.],
       [0.]]), 'v_body_hat': array([[0.],
       [0.],
       [1.]])}, 4: {'brdf_params': {'cSunVis': 455, 'd': 0.5, 'rho': 0.75, 's': 0.5, 'Fo': 0.75, 'nu': 10, 'nv': 10}, 'area': 3e-08, 'center': array([[0.e+00],
       [0.e+00],
       [5.e-05]]), 'norm_body_hat': array([[0.],
       [0.],
       [1.]]), 'u_body_hat': array([[1.],
       [0.],
       [0.]]), 'v_body_hat': array([[0.],
       [1.],
       [0.]])}, 5: {'brdf_params': {'cSunVis': 455, 'd': 0.5, 'rho': 0.75, 's': 0.5, 'Fo': 0.75, 'nu': 10, 'nv': 10}, 'area': 3e-08, 'center': array([[ 0.e+00],
       [ 0.e+00],
       [-5.e-05]]), 'norm_body_hat': array([[ 0.],
       [ 0.],
       [-1.]]), 'u_body_hat': array([[1.],
       [0.],
       [0.]]), 'v_body_hat': array([[ 0.],
       [-1.],
       [ 0.]])}}, 'resids': array([[ 3.42413805e-05],
       [-2.43921269e-05],
       [ 1.02464260e-01]])}}
Current time:  2018-07-12 20:18:40
cubesat_nadir
{'type': '3att', 'mass': 1.0, 'time': datetime.datetime(2018, 7, 12, 20, 18, 30), 'brdf_function': <function ashikhmin_premoze at 0x000001D436FF70D0>, 'intfcn': <function ode_twobody_j2_drag_srp_notorque_ukf at 0x000001D436FF7EA0>, 'integrator': 'dop853', 'X': array([[ 4.89909421e+03],
       [ 3.38898588e+03],
       [-3.91549154e+03],
       [-3.67704564e+00],
       [-1.85068975e+00],
       [-6.23128816e+00],
       [ 5.63018481e-01],
       [ 1.90785625e-01],
       [-7.77137587e-01],
       [ 2.06562840e-01],
       [-2.54109884e-20],
       [-1.04426738e-03],
       [-8.77772625e-19]]), 'moi': array([[1.66666667e-09, 0.00000000e+00, 0.00000000e+00],
       [0.00000000e+00, 8.33333333e-09, 0.00000000e+00],
       [0.00000000e+00, 0.00000000e+00, 8.33333333e-09]]), 'comOffset': array([0., 0., 0.]), 'covar': array([[ 2.33105453e-02,  1.70142502e-01, -3.21970765e-02,
        -2.57308446e-05, -8.60824428e-06, -8.60334553e-05],
       [ 1.70142502e-01,  1.41181202e+00, -2.77809303e-01,
        -2.24236576e-04, -7.94341958e-05, -6.96135007e-04],
       [-3.21970765e-02, -2.77809303e-01,  5.65792254e-02,
         4.57928249e-05,  1.67658464e-05,  1.35831187e-04],
       [-2.57308446e-05, -2.24236576e-04,  4.57928249e-05,
         1.55158010e-06,  1.00766595e-07,  2.10703454e-06],
       [-8.60824428e-06, -7.94341958e-05,  1.67658464e-05,
         1.00766595e-07,  1.12921689e-06,  9.52257964e-07],
       [-8.60334553e-05, -6.96135007e-04,  1.35831187e-04,
         2.10703454e-06,  9.52257964e-07,  6.08867023e-06]])}
[[ 4.89909421e+03]
 [ 3.38898588e+03]
 [-3.91549154e+03]
 [-3.67704564e+00]
 [-1.85068975e+00]
 [-6.23128816e+00]
 [ 5.63018481e-01]
 [ 1.90785625e-01]
 [-7.77137587e-01]
 [ 2.06562840e-01]
 [-2.54109884e-20]
 [-1.04426738e-03]
 [-8.77772625e-19]]
2018-07-12 20:18:30
delta_t 10.0

 Process Noise


 Predictor Step
2018-07-12 20:18:40
[[ 4.86205504e+03]
 [ 3.37029289e+03]
 [-3.97758732e+03]
 [-3.73070892e+00]
 [-1.88784991e+00]
 [-6.18778173e+00]
 [ 5.58953128e-01]
 [ 1.89704495e-01]
 [-7.80066689e-01]
 [ 2.07556175e-01]
 [-2.54109884e-20]
 [-1.04426738e-03]
 [-8.77984912e-19]]
[[ 2.29743607e-02  1.67920624e-01 -3.24170238e-02 -7.88142811e-06
  -7.68529702e-06 -6.67310407e-05]
 [ 1.67920624e-01  1.41032844e+00 -2.84577491e-01 -2.03878407e-04
  -6.89168845e-05 -7.00735915e-04]
 [-3.24170238e-02 -2.84577491e-01  5.99332883e-02  6.29470832e-05
   2.64540544e-05  1.99634010e-04]
 [-7.88142811e-06 -2.03878407e-04  6.29470832e-05  1.55549096e-06
   9.97835566e-08  2.09915147e-06]
 [-7.68529702e-06 -6.89168845e-05  2.64540544e-05  9.97835566e-08
   1.13920077e-06  9.53224072e-07]
 [-6.67310407e-05 -7.00735915e-04  1.99634010e-04  2.09915147e-06
   9.53224072e-07  6.11242890e-06]]
sphere_lamr_small
{'type': '3DoF', 'mass': 1.0, 'radius': 5.641895835477564e-05, 'time': datetime.datetime(2018, 7, 12, 20, 18, 30), 'brdf_function': <function lambertian_sphere at 0x000001D436FF1F28>, 'intfcn': <function ode_twobody_j2_drag_srp_ukf at 0x000001D436FF7B70>, 'integrator': 'dop853', 'X': array([[ 4.88431504e+03],
       [ 3.38195746e+03],
       [-3.92400101e+03],
       [-3.68514900e+00],
       [-1.85689829e+00],
       [-6.21663572e+00]]), 'covar': array([[ 7.97459491e+00,  4.47413489e+00,  4.39957259e+00,
         4.22840922e-03,  3.28262494e-03, -8.15889798e-03],
       [ 4.47413489e+00,  3.74228358e+00,  2.12138850e+00,
         2.07478917e-03,  1.70059554e-03, -5.07672944e-03],
       [ 4.39957259e+00,  2.12138850e+00,  2.52646445e+00,
         2.41783185e-03,  1.85155044e-03, -4.36085751e-03],
       [ 4.22840922e-03,  2.07478917e-03,  2.41783185e-03,
         3.83855737e-06,  1.86628859e-06, -2.18414312e-06],
       [ 3.28262494e-03,  1.70059554e-03,  1.85155044e-03,
         1.86628859e-06,  2.49349077e-06, -2.37734813e-06],
       [-8.15889798e-03, -5.07672944e-03, -4.36085751e-03,
        -2.18414312e-06, -2.37734813e-06,  1.43563784e-05]])}
[[ 4.88431504e+03]
 [ 3.38195746e+03]
 [-3.92400101e+03]
 [-3.68514900e+00]
 [-1.85689829e+00]
 [-6.21663572e+00]]
2018-07-12 20:18:30
delta_t 10.0

 Process Noise


 Predictor Step
2018-07-12 20:18:40
[[ 4.84719469e+03]
 [ 3.36320217e+03]
 [-3.98594903e+03]
 [-3.73884723e+00]
 [-1.89411802e+00]
 [-6.17287460e+00]]
[[ 8.05983332e+00  4.52822175e+00  4.34127544e+00  4.29525341e-03
   3.33272226e-03 -8.32502334e-03]
 [ 4.52822175e+00  3.77670795e+00  2.08852880e+00  2.12707985e-03
   1.74181871e-03 -5.19213953e-03]
 [ 4.34127544e+00  2.08852880e+00  2.43993704e+00  2.40589962e-03
   1.84477929e-03 -4.29116617e-03]
 [ 4.29525341e-03  2.12707985e-03  2.40589962e-03  3.86031896e-06
   1.89288424e-06 -2.29473723e-06]
 [ 3.33272226e-03  1.74181871e-03  1.84477929e-03  1.89288424e-06
   2.51961433e-06 -2.46729399e-06]
 [-8.32502334e-03 -5.19213953e-03 -4.29116617e-03 -2.29473723e-06
  -2.46729399e-06  1.46605972e-05]]
predictor
{'sphere_lamr_small': {'weight': array(0.), 'spacecraftConfig': {'type': '3DoF', 'mass': 1.0, 'radius': 5.641895835477564e-05, 'time': datetime.datetime(2018, 7, 12, 20, 18, 30), 'brdf_function': <function lambertian_sphere at 0x000001D436FF1F28>, 'intfcn': <function ode_twobody_j2_drag_srp_ukf at 0x000001D436FF7B70>, 'integrator': 'dop853', 'X': array([[ 4.84719469e+03],
       [ 3.36320217e+03],
       [-3.98594903e+03],
       [-3.73884723e+00],
       [-1.89411802e+00],
       [-6.17287460e+00]]), 'covar': array([[ 8.05983332e+00,  4.52822175e+00,  4.34127544e+00,
         4.29525341e-03,  3.33272226e-03, -8.32502334e-03],
       [ 4.52822175e+00,  3.77670795e+00,  2.08852880e+00,
         2.12707985e-03,  1.74181871e-03, -5.19213953e-03],
       [ 4.34127544e+00,  2.08852880e+00,  2.43993704e+00,
         2.40589962e-03,  1.84477929e-03, -4.29116617e-03],
       [ 4.29525341e-03,  2.12707985e-03,  2.40589962e-03,
         3.86031896e-06,  1.89288424e-06, -2.29473723e-06],
       [ 3.33272226e-03,  1.74181871e-03,  1.84477929e-03,
         1.89288424e-06,  2.51961433e-06, -2.46729399e-06],
       [-8.32502334e-03, -5.19213953e-03, -4.29116617e-03,
        -2.29473723e-06, -2.46729399e-06,  1.46605972e-05]])}, 'forcesCoeff': {'order': 2, 'degree': 0, 'dragCoeff': 2.2, 'emissivity': 0.05, 'solar_flux': 1367.0, 'Q': array([[1.e-12, 0.e+00, 0.e+00],
       [0.e+00, 1.e-12, 0.e+00],
       [0.e+00, 0.e+00, 1.e-12]])}, 'surfaces': {0: {'brdf_params': {'cSunVis': 455.0, 'd': 1.0, 'rho': 0.75, 's': 0.0, 'Fo': 0.5}}}, 'resids': array([[-0.01102179],
       [ 0.00782072],
       [ 4.2187685 ]])}, 'cubesat_nadir': {'weight': array(1.), 'spacecraftConfig': {'type': '3att', 'mass': 1.0, 'time': datetime.datetime(2018, 7, 12, 20, 18, 30), 'brdf_function': <function ashikhmin_premoze at 0x000001D436FF70D0>, 'intfcn': <function ode_twobody_j2_drag_srp_notorque_ukf at 0x000001D436FF7EA0>, 'integrator': 'dop853', 'X': array([[ 4.86205504e+03],
       [ 3.37029289e+03],
       [-3.97758732e+03],
       [-3.73070892e+00],
       [-1.88784991e+00],
       [-6.18778173e+00],
       [ 5.58953128e-01],
       [ 1.89704495e-01],
       [-7.80066689e-01],
       [ 2.07556175e-01],
       [-2.54109884e-20],
       [-1.04426738e-03],
       [-8.77984912e-19]]), 'moi': array([[1.66666667e-09, 0.00000000e+00, 0.00000000e+00],
       [0.00000000e+00, 8.33333333e-09, 0.00000000e+00],
       [0.00000000e+00, 0.00000000e+00, 8.33333333e-09]]), 'comOffset': array([0., 0., 0.]), 'covar': array([[ 2.29743607e-02,  1.67920624e-01, -3.24170238e-02,
        -7.88142811e-06, -7.68529702e-06, -6.67310407e-05],
       [ 1.67920624e-01,  1.41032844e+00, -2.84577491e-01,
        -2.03878407e-04, -6.89168845e-05, -7.00735915e-04],
       [-3.24170238e-02, -2.84577491e-01,  5.99332883e-02,
         6.29470832e-05,  2.64540544e-05,  1.99634010e-04],
       [-7.88142811e-06, -2.03878407e-04,  6.29470832e-05,
         1.55549096e-06,  9.97835566e-08,  2.09915147e-06],
       [-7.68529702e-06, -6.89168845e-05,  2.64540544e-05,
         9.97835566e-08,  1.13920077e-06,  9.53224072e-07],
       [-6.67310407e-05, -7.00735915e-04,  1.99634010e-04,
         2.09915147e-06,  9.53224072e-07,  6.11242890e-06]])}, 'forcesCoeff': {'order': 2, 'degree': 0, 'dragCoeff': 3.0, 'emissivity': 0.05, 'solar_flux': 1367.0, 'Q': array([[1.e-10, 0.e+00, 0.e+00],
       [0.e+00, 1.e-10, 0.e+00],
       [0.e+00, 0.e+00, 1.e-10]])}, 'surfaces': {0: {'brdf_params': {'cSunVis': 455, 'd': 0.5, 'rho': 0.75, 's': 0.5, 'Fo': 0.75, 'nu': 10, 'nv': 10}, 'area': 1.0000000000000002e-08, 'center': array([[0.00015],
       [0.     ],
       [0.     ]]), 'norm_body_hat': array([[1.],
       [0.],
       [0.]]), 'u_body_hat': array([[0.],
       [1.],
       [0.]]), 'v_body_hat': array([[0.],
       [0.],
       [1.]])}, 1: {'brdf_params': {'cSunVis': 455, 'd': 0.5, 'rho': 0.75, 's': 0.5, 'Fo': 0.75, 'nu': 10, 'nv': 10}, 'area': 1.0000000000000002e-08, 'center': array([[-0.00015],
       [ 0.     ],
       [ 0.     ]]), 'norm_body_hat': array([[-1.],
       [ 0.],
       [ 0.]]), 'u_body_hat': array([[0.],
       [1.],
       [0.]]), 'v_body_hat': array([[ 0.],
       [ 0.],
       [-1.]])}, 2: {'brdf_params': {'cSunVis': 455, 'd': 0.5, 'rho': 0.75, 's': 0.5, 'Fo': 0.75, 'nu': 10, 'nv': 10}, 'area': 3e-08, 'center': array([[0.e+00],
       [5.e-05],
       [0.e+00]]), 'norm_body_hat': array([[0.],
       [1.],
       [0.]]), 'u_body_hat': array([[-1.],
       [ 0.],
       [ 0.]]), 'v_body_hat': array([[0.],
       [0.],
       [1.]])}, 3: {'brdf_params': {'cSunVis': 455, 'd': 0.5, 'rho': 0.75, 's': 0.5, 'Fo': 0.75, 'nu': 10, 'nv': 10}, 'area': 3e-08, 'center': array([[ 0.e+00],
       [-5.e-05],
       [ 0.e+00]]), 'norm_body_hat': array([[ 0.],
       [-1.],
       [ 0.]]), 'u_body_hat': array([[1.],
       [0.],
       [0.]]), 'v_body_hat': array([[0.],
       [0.],
       [1.]])}, 4: {'brdf_params': {'cSunVis': 455, 'd': 0.5, 'rho': 0.75, 's': 0.5, 'Fo': 0.75, 'nu': 10, 'nv': 10}, 'area': 3e-08, 'center': array([[0.e+00],
       [0.e+00],
       [5.e-05]]), 'norm_body_hat': array([[0.],
       [0.],
       [1.]]), 'u_body_hat': array([[1.],
       [0.],
       [0.]]), 'v_body_hat': array([[0.],
       [1.],
       [0.]])}, 5: {'brdf_params': {'cSunVis': 455, 'd': 0.5, 'rho': 0.75, 's': 0.5, 'Fo': 0.75, 'nu': 10, 'nv': 10}, 'area': 3e-08, 'center': array([[ 0.e+00],
       [ 0.e+00],
       [-5.e-05]]), 'norm_body_hat': array([[ 0.],
       [ 0.],
       [-1.]]), 'u_body_hat': array([[1.],
       [0.],
       [0.]]), 'v_body_hat': array([[ 0.],
       [-1.],
       [ 0.]])}}, 'resids': array([[ 3.42413805e-05],
       [-2.43921269e-05],
       [ 1.02464260e-01]])}}
Yi [[ 1.4756305 ]
 [-0.24232522]
 [17.21827851]]
posterior
[[ 4.86205504e+03]
 [ 3.37029289e+03]
 [-3.97758732e+03]
 [-3.73070892e+00]
 [-1.88784991e+00]
 [-6.18778173e+00]
 [ 5.58953128e-01]
 [ 1.89704495e-01]
 [-7.80066689e-01]
 [ 2.07556175e-01]
 [-2.54109884e-20]
 [-1.04426738e-03]
 [-8.77984912e-19]]
[[ 4.86206627e+03]
 [ 3.37035699e+03]
 [-3.97759859e+03]
 [-3.73069923e+00]
 [-1.88785313e+00]
 [-6.18779638e+00]
 [ 5.58953128e-01]
 [ 1.89704495e-01]
 [-7.80066689e-01]
 [ 2.07556175e-01]
 [-2.54109884e-20]
 [-1.04426738e-03]
 [-8.77984912e-19]]
[[ 7.63182877e-03  7.24249415e-02 -1.69581735e-02 -3.01798833e-05
  -1.64625147e-05 -9.34292081e-05]
 [ 7.24249415e-02  7.51201025e-01 -1.76982206e-01 -3.32995113e-04
  -1.56666160e-04 -9.44683011e-04]
 [-1.69581735e-02 -1.76982206e-01  4.23575473e-02  8.37083470e-05
   4.11114589e-05  2.40177188e-04]
 [-3.01798833e-05 -3.32995113e-04  8.37083470e-05  1.52158874e-06
   9.19325972e-08  2.07179438e-06]
 [-1.64625147e-05 -1.56666160e-04  4.11114589e-05  9.19325972e-08
   1.11719903e-06  8.98008153e-07]
 [-9.34292081e-05 -9.44683011e-04  2.40177188e-04  2.07179438e-06
   8.98008153e-07  5.97190112e-06]]
[[ 1.47563547]
 [-0.24232869]
 [17.11047721]]
[[-4.97144730e-06]
 [ 3.46664210e-06]
 [ 1.07801298e-01]]


 Corrector Step
2018-07-12 20:18:40
[[ 4.86206627e+03]
 [ 3.37035699e+03]
 [-3.97759859e+03]
 [-3.73069923e+00]
 [-1.88785313e+00]
 [-6.18779638e+00]
 [ 5.58953128e-01]
 [ 1.89704495e-01]
 [-7.80066689e-01]
 [ 2.07556175e-01]
 [-2.54109884e-20]
 [-1.04426738e-03]
 [-8.77984912e-19]]
[[ 7.63182877e-03  7.24249415e-02 -1.69581735e-02 -3.01798833e-05
  -1.64625147e-05 -9.34292081e-05]
 [ 7.24249415e-02  7.51201025e-01 -1.76982206e-01 -3.32995113e-04
  -1.56666160e-04 -9.44683011e-04]
 [-1.69581735e-02 -1.76982206e-01  4.23575473e-02  8.37083470e-05
   4.11114589e-05  2.40177188e-04]
 [-3.01798833e-05 -3.32995113e-04  8.37083470e-05  1.52158874e-06
   9.19325972e-08  2.07179438e-06]
 [-1.64625147e-05 -1.56666160e-04  4.11114589e-05  9.19325972e-08
   1.11719903e-06  8.98008153e-07]
 [-9.34292081e-05 -9.44683011e-04  2.40177188e-04  2.07179438e-06
   8.98008153e-07  5.97190112e-06]]
123209658.68486966
post
cubesat_nadir
Ybar_post [[ 1.47563132]
 [-0.24232501]
 [17.11070103]]
resids [[-8.26834517e-07]
 [-2.14415831e-07]
 [ 1.07577478e-01]]
posterior
[[ 4.84719469e+03]
 [ 3.36320217e+03]
 [-3.98594903e+03]
 [-3.73884723e+00]
 [-1.89411802e+00]
 [-6.17287460e+00]]
[[ 4.86209873e+03]
 [ 3.37189211e+03]
 [-3.97801618e+03]
 [-3.73100625e+00]
 [-1.88802098e+00]
 [-6.18852079e+00]]
[[ 6.76372407e-03  7.65634195e-02 -1.87619429e-02 -2.30897658e-05
  -1.61011094e-05 -7.89036048e-05]
 [ 7.65634195e-02  9.77389151e-01 -2.41711049e-01 -2.74762548e-04
  -1.79948736e-04 -8.87313646e-04]
 [-1.87619429e-02 -2.41711049e-01  6.04720849e-02  7.13580150e-05
   4.83423375e-05  2.33246462e-04]
 [-2.30897658e-05 -2.74762548e-04  7.13580150e-05  1.54399023e-06
   9.40140061e-08  2.11594109e-06]
 [-1.61011094e-05 -1.79948736e-04  4.83423375e-05  9.40140061e-08
   1.11225944e-06  9.08751333e-07]
 [-7.89036048e-05 -8.87313646e-04  2.33246462e-04  2.11594109e-06
   9.08751333e-07  6.02615173e-06]]
[[ 1.48717189]
 [-0.25034661]
 [14.51581621]]
[[-0.01154139]
 [ 0.00802139]
 [ 2.7024623 ]]


 Corrector Step
2018-07-12 20:18:40
[[ 4.86209873e+03]
 [ 3.37189211e+03]
 [-3.97801618e+03]
 [-3.73100625e+00]
 [-1.88802098e+00]
 [-6.18852079e+00]]
[[ 6.76372407e-03  7.65634195e-02 -1.87619429e-02 -2.30897658e-05
