{'cubesat_nadir': {'weight': 1.0, 'spacecraftConfig': {'type': '3att', 'mass': 1.0, 'time': datetime.datetime(2018, 7, 12, 9, 0), 'brdf_function': <function ashikhmin_premoze at 0x0000011CCD8160D0>, 'intfcn': <function ode_twobody_j2_drag_srp_notorque_ukf at 0x0000011CCD816EA0>, 'integrator': 'dop853', 'X': array([-1.42215872e+03, -3.75500869e+02, -6.98401558e+03, -6.11725664e+00,
       -4.00335027e+00,  1.46370517e+00,  1.03556064e-01, -2.98808893e-03,
        9.54048626e-01, -2.81173314e-01, -2.54109884e-20, -1.04426738e-03,
       -1.35525272e-20]), 'moi': array([[1.66666667e-09, 0.00000000e+00, 0.00000000e+00],
       [0.00000000e+00, 8.33333333e-09, 0.00000000e+00],
       [0.00000000e+00, 0.00000000e+00, 8.33333333e-09]]), 'comOffset': array([0., 0., 0.]), 'covar': array([[1.e+00, 0.e+00, 0.e+00, 0.e+00, 0.e+00, 0.e+00],
       [0.e+00, 1.e+00, 0.e+00, 0.e+00, 0.e+00, 0.e+00],
       [0.e+00, 0.e+00, 1.e+00, 0.e+00, 0.e+00, 0.e+00],
       [0.e+00, 0.e+00, 0.e+00, 1.e-06, 0.e+00, 0.e+00],
       [0.e+00, 0.e+00, 0.e+00, 0.e+00, 1.e-06, 0.e+00],
       [0.e+00, 0.e+00, 0.e+00, 0.e+00, 0.e+00, 1.e-06]])}, 'forcesCoeff': {'order': 2, 'degree': 0, 'dragCoeff': 3.0, 'emissivity': 0.05, 'solar_flux': 1367.0, 'Q': array([[1.e-10, 0.e+00, 0.e+00],
       [0.e+00, 1.e-10, 0.e+00],
       [0.e+00, 0.e+00, 1.e-10]])}, 'surfaces': {0: {'brdf_params': {'cSunVis': 455, 'd': 0.5, 'rho': 0.75, 's': 0.5, 'Fo': 0.75, 'nu': 10, 'nv': 10}, 'area': 1.0000000000000002e-08, 'center': array([[0.00015],
       [0.     ],
       [0.     ]]), 'norm_body_hat': array([[1.],
       [0.],
       [0.]]), 'u_body_hat': array([[0.],
       [1.],
       [0.]]), 'v_body_hat': array([[0.],
       [0.],
       [1.]])}, 1: {'brdf_params': {'cSunVis': 455, 'd': 0.5, 'rho': 0.75, 's': 0.5, 'Fo': 0.75, 'nu': 10, 'nv': 10}, 'area': 1.0000000000000002e-08, 'center': array([[-0.00015],
       [ 0.     ],
       [ 0.     ]]), 'norm_body_hat': array([[-1.],
       [ 0.],
       [ 0.]]), 'u_body_hat': array([[0.],
       [1.],
       [0.]]), 'v_body_hat': array([[ 0.],
       [ 0.],
       [-1.]])}, 2: {'brdf_params': {'cSunVis': 455, 'd': 0.5, 'rho': 0.75, 's': 0.5, 'Fo': 0.75, 'nu': 10, 'nv': 10}, 'area': 3e-08, 'center': array([[0.e+00],
       [5.e-05],
       [0.e+00]]), 'norm_body_hat': array([[0.],
       [1.],
       [0.]]), 'u_body_hat': array([[-1.],
       [ 0.],
       [ 0.]]), 'v_body_hat': array([[0.],
       [0.],
       [1.]])}, 3: {'brdf_params': {'cSunVis': 455, 'd': 0.5, 'rho': 0.75, 's': 0.5, 'Fo': 0.75, 'nu': 10, 'nv': 10}, 'area': 3e-08, 'center': array([[ 0.e+00],
       [-5.e-05],
       [ 0.e+00]]), 'norm_body_hat': array([[ 0.],
       [-1.],
       [ 0.]]), 'u_body_hat': array([[1.],
       [0.],
       [0.]]), 'v_body_hat': array([[0.],
       [0.],
       [1.]])}, 4: {'brdf_params': {'cSunVis': 455, 'd': 0.5, 'rho': 0.75, 's': 0.5, 'Fo': 0.75, 'nu': 10, 'nv': 10}, 'area': 3e-08, 'center': array([[0.e+00],
       [0.e+00],
       [5.e-05]]), 'norm_body_hat': array([[0.],
       [0.],
       [1.]]), 'u_body_hat': array([[1.],
       [0.],
       [0.]]), 'v_body_hat': array([[0.],
       [1.],
       [0.]])}, 5: {'brdf_params': {'cSunVis': 455, 'd': 0.5, 'rho': 0.75, 's': 0.5, 'Fo': 0.75, 'nu': 10, 'nv': 10}, 'area': 3e-08, 'center': array([[ 0.e+00],
       [ 0.e+00],
       [-5.e-05]]), 'norm_body_hat': array([[ 0.],
       [ 0.],
       [-1.]]), 'u_body_hat': array([[1.],
       [0.],
       [0.]]), 'v_body_hat': array([[ 0.],
       [-1.],
       [ 0.]])}}}}
Current time:  2018-07-12 20:18:30
cubesat_nadir
{'type': '3att', 'mass': 1.0, 'time': datetime.datetime(2018, 7, 12, 9, 0), 'brdf_function': <function ashikhmin_premoze at 0x0000011CCD8160D0>, 'intfcn': <function ode_twobody_j2_drag_srp_notorque_ukf at 0x0000011CCD816EA0>, 'integrator': 'dop853', 'X': array([-1.42215872e+03, -3.75500869e+02, -6.98401558e+03, -6.11725664e+00,
       -4.00335027e+00,  1.46370517e+00,  1.03556064e-01, -2.98808893e-03,
        9.54048626e-01, -2.81173314e-01, -2.54109884e-20, -1.04426738e-03,
       -1.35525272e-20]), 'moi': array([[1.66666667e-09, 0.00000000e+00, 0.00000000e+00],
       [0.00000000e+00, 8.33333333e-09, 0.00000000e+00],
       [0.00000000e+00, 0.00000000e+00, 8.33333333e-09]]), 'comOffset': array([0., 0., 0.]), 'covar': array([[1.e+00, 0.e+00, 0.e+00, 0.e+00, 0.e+00, 0.e+00],
       [0.e+00, 1.e+00, 0.e+00, 0.e+00, 0.e+00, 0.e+00],
       [0.e+00, 0.e+00, 1.e+00, 0.e+00, 0.e+00, 0.e+00],
       [0.e+00, 0.e+00, 0.e+00, 1.e-06, 0.e+00, 0.e+00],
       [0.e+00, 0.e+00, 0.e+00, 0.e+00, 1.e-06, 0.e+00],
       [0.e+00, 0.e+00, 0.e+00, 0.e+00, 0.e+00, 1.e-06]])}
[[-1.42215872e+03]
 [-3.75500869e+02]
 [-6.98401558e+03]
 [-6.11725664e+00]
 [-4.00335027e+00]
 [ 1.46370517e+00]
 [ 1.03556064e-01]
 [-2.98808893e-03]
 [ 9.54048626e-01]
 [-2.81173314e-01]
 [-2.54109884e-20]
 [-1.04426738e-03]
 [-1.35525272e-20]]
2018-07-12 09:00:00
delta_t 40710.0


 Predictor Step
2018-07-12 20:18:30
[[ 4.89635557e+03]
 [ 3.38754857e+03]
 [-3.91839320e+03]
 [-3.67963282e+00]
 [-1.85254301e+00]
 [-6.22836071e+00]
 [ 5.63018481e-01]
 [ 1.90785625e-01]
 [-7.77137587e-01]
 [ 2.06562840e-01]
 [-2.54109884e-20]
 [-1.04426738e-03]
 [-8.77772625e-19]]
[[ 8.05860755e+03  4.08179162e+03  1.33304976e+04  1.15060367e+01
   7.95493277e+00 -9.17487478e+00]
 [ 4.08179162e+03  2.06875896e+03  6.75051761e+03  5.82668389e+00
   4.02850844e+00 -4.64754728e+00]
 [ 1.33304976e+04  6.75051761e+03  2.20848737e+04  1.90605541e+01
   1.31765470e+01 -1.51807311e+01]
 [ 1.15060367e+01  5.82668389e+00  1.90605541e+01  1.64519878e-02
   1.13723552e-02 -1.31008499e-02]
 [ 7.95493277e+00  4.02850844e+00  1.31765470e+01  1.13723552e-02
   7.86286812e-03 -9.05787840e-03]
 [-9.17487478e+00 -4.64754728e+00 -1.51807311e+01 -1.31008499e-02
  -9.05787840e-03  1.04521460e-02]]
predictor
{'cubesat_nadir': {'weight': 1.0, 'spacecraftConfig': {'type': '3att', 'mass': 1.0, 'time': datetime.datetime(2018, 7, 12, 9, 0), 'brdf_function': <function ashikhmin_premoze at 0x0000011CCD8160D0>, 'intfcn': <function ode_twobody_j2_drag_srp_notorque_ukf at 0x0000011CCD816EA0>, 'integrator': 'dop853', 'X': array([[ 4.89635557e+03],
       [ 3.38754857e+03],
       [-3.91839320e+03],
       [-3.67963282e+00],
       [-1.85254301e+00],
       [-6.22836071e+00],
       [ 5.63018481e-01],
       [ 1.90785625e-01],
       [-7.77137587e-01],
       [ 2.06562840e-01],
       [-2.54109884e-20],
       [-1.04426738e-03],
       [-8.77772625e-19]]), 'moi': array([[1.66666667e-09, 0.00000000e+00, 0.00000000e+00],
       [0.00000000e+00, 8.33333333e-09, 0.00000000e+00],
       [0.00000000e+00, 0.00000000e+00, 8.33333333e-09]]), 'comOffset': array([0., 0., 0.]), 'covar': array([[ 8.05860755e+03,  4.08179162e+03,  1.33304976e+04,
         1.15060367e+01,  7.95493277e+00, -9.17487478e+00],
       [ 4.08179162e+03,  2.06875896e+03,  6.75051761e+03,
         5.82668389e+00,  4.02850844e+00, -4.64754728e+00],
       [ 1.33304976e+04,  6.75051761e+03,  2.20848737e+04,
         1.90605541e+01,  1.31765470e+01, -1.51807311e+01],
       [ 1.15060367e+01,  5.82668389e+00,  1.90605541e+01,
         1.64519878e-02,  1.13723552e-02, -1.31008499e-02],
       [ 7.95493277e+00,  4.02850844e+00,  1.31765470e+01,
         1.13723552e-02,  7.86286812e-03, -9.05787840e-03],
       [-9.17487478e+00, -4.64754728e+00, -1.51807311e+01,
        -1.31008499e-02, -9.05787840e-03,  1.04521460e-02]])}, 'forcesCoeff': {'order': 2, 'degree': 0, 'dragCoeff': 3.0, 'emissivity': 0.05, 'solar_flux': 1367.0, 'Q': array([[1.e-10, 0.e+00, 0.e+00],
       [0.e+00, 1.e-10, 0.e+00],
       [0.e+00, 0.e+00, 1.e-10]])}, 'surfaces': {0: {'brdf_params': {'cSunVis': 455, 'd': 0.5, 'rho': 0.75, 's': 0.5, 'Fo': 0.75, 'nu': 10, 'nv': 10}, 'area': 1.0000000000000002e-08, 'center': array([[0.00015],
       [0.     ],
       [0.     ]]), 'norm_body_hat': array([[1.],
       [0.],
       [0.]]), 'u_body_hat': array([[0.],
       [1.],
       [0.]]), 'v_body_hat': array([[0.],
       [0.],
       [1.]])}, 1: {'brdf_params': {'cSunVis': 455, 'd': 0.5, 'rho': 0.75, 's': 0.5, 'Fo': 0.75, 'nu': 10, 'nv': 10}, 'area': 1.0000000000000002e-08, 'center': array([[-0.00015],
       [ 0.     ],
       [ 0.     ]]), 'norm_body_hat': array([[-1.],
       [ 0.],
       [ 0.]]), 'u_body_hat': array([[0.],
       [1.],
       [0.]]), 'v_body_hat': array([[ 0.],
       [ 0.],
       [-1.]])}, 2: {'brdf_params': {'cSunVis': 455, 'd': 0.5, 'rho': 0.75, 's': 0.5, 'Fo': 0.75, 'nu': 10, 'nv': 10}, 'area': 3e-08, 'center': array([[0.e+00],
       [5.e-05],
       [0.e+00]]), 'norm_body_hat': array([[0.],
       [1.],
       [0.]]), 'u_body_hat': array([[-1.],
       [ 0.],
       [ 0.]]), 'v_body_hat': array([[0.],
       [0.],
       [1.]])}, 3: {'brdf_params': {'cSunVis': 455, 'd': 0.5, 'rho': 0.75, 's': 0.5, 'Fo': 0.75, 'nu': 10, 'nv': 10}, 'area': 3e-08, 'center': array([[ 0.e+00],
       [-5.e-05],
       [ 0.e+00]]), 'norm_body_hat': array([[ 0.],
       [-1.],
       [ 0.]]), 'u_body_hat': array([[1.],
       [0.],
       [0.]]), 'v_body_hat': array([[0.],
       [0.],
       [1.]])}, 4: {'brdf_params': {'cSunVis': 455, 'd': 0.5, 'rho': 0.75, 's': 0.5, 'Fo': 0.75, 'nu': 10, 'nv': 10}, 'area': 3e-08, 'center': array([[0.e+00],
       [0.e+00],
       [5.e-05]]), 'norm_body_hat': array([[0.],
       [0.],
       [1.]]), 'u_body_hat': array([[1.],
       [0.],
       [0.]]), 'v_body_hat': array([[0.],
       [1.],
       [0.]])}, 5: {'brdf_params': {'cSunVis': 455, 'd': 0.5, 'rho': 0.75, 's': 0.5, 'Fo': 0.75, 'nu': 10, 'nv': 10}, 'area': 3e-08, 'center': array([[ 0.e+00],
       [ 0.e+00],
       [-5.e-05]]), 'norm_body_hat': array([[ 0.],
       [ 0.],
       [-1.]]), 'u_body_hat': array([[1.],
       [0.],
       [0.]]), 'v_body_hat': array([[ 0.],
       [-1.],
       [ 0.]])}}}}
Yi [[ 1.44927721]
 [-0.19045187]
 [18.85529348]]
posterior
[[ 4.89635557e+03]
 [ 3.38754857e+03]
 [-3.91839320e+03]
 [-3.67963282e+00]
 [-1.85254301e+00]
 [-6.22836071e+00]
 [ 5.63018481e-01]
 [ 1.90785625e-01]
 [-7.77137587e-01]
 [ 2.06562840e-01]
 [-2.54109884e-20]
 [-1.04426738e-03]
 [-8.77772625e-19]]
[[ 4.89909421e+03]
 [ 3.38898588e+03]
 [-3.91549154e+03]
 [-3.67704564e+00]
 [-1.85068975e+00]
 [-6.23128816e+00]
 [ 5.63018481e-01]
 [ 1.90785625e-01]
 [-7.77137587e-01]
 [ 2.06562840e-01]
 [-2.54109884e-20]
 [-1.04426738e-03]
 [-8.77772625e-19]]
[[ 2.33105453e-02  1.70142502e-01 -3.21970765e-02 -2.57308446e-05
  -8.60824428e-06 -8.60334553e-05]
 [ 1.70142502e-01  1.41181202e+00 -2.77809303e-01 -2.24236576e-04
  -7.94341958e-05 -6.96135007e-04]
 [-3.21970765e-02 -2.77809303e-01  5.65792254e-02  4.57928249e-05
   1.67658464e-05  1.35831187e-04]
 [-2.57308446e-05 -2.24236576e-04  4.57928249e-05  1.55158010e-06
   1.00766595e-07  2.10703454e-06]
 [-8.60824428e-06 -7.94341958e-05  1.67658464e-05  1.00766595e-07
   1.12921689e-06  9.52257964e-07]
 [-8.60334553e-05 -6.96135007e-04  1.35831187e-04  2.10703454e-06
   9.52257964e-07  6.08867023e-06]]
[[ 1.45422709]
 [-0.19500368]
 [27.1349194 ]]
[[-4.94988335e-03]
 [ 4.55181503e-03]
 [-8.27962592e+00]]


 Corrector Step
2018-07-12 20:18:30
[[ 4.89909421e+03]
 [ 3.38898588e+03]
 [-3.91549154e+03]
 [-3.67704564e+00]
 [-1.85068975e+00]
 [-6.23128816e+00]
 [ 5.63018481e-01]
 [ 1.90785625e-01]
 [-7.77137587e-01]
 [ 2.06562840e-01]
 [-2.54109884e-20]
 [-1.04426738e-03]
 [-8.77772625e-19]]
[[ 2.33105453e-02  1.70142502e-01 -3.21970765e-02 -2.57308446e-05
  -8.60824428e-06 -8.60334553e-05]
 [ 1.70142502e-01  1.41181202e+00 -2.77809303e-01 -2.24236576e-04
  -7.94341958e-05 -6.96135007e-04]
 [-3.21970765e-02 -2.77809303e-01  5.65792254e-02  4.57928249e-05
   1.67658464e-05  1.35831187e-04]
 [-2.57308446e-05 -2.24236576e-04  4.57928249e-05  1.55158010e-06
   1.00766595e-07  2.10703454e-06]
 [-8.60824428e-06 -7.94341958e-05  1.67658464e-05  1.00766595e-07
   1.12921689e-06  9.52257964e-07]
 [-8.60334553e-05 -6.96135007e-04  1.35831187e-04  2.10703454e-06
   9.52257964e-07  6.08867023e-06]]
13.404910300896193
post
cubesat_nadir
Ybar_post [[ 1.44924297]
 [-0.19042747]
 [18.75282922]]
resids [[ 3.42413805e-05]
 [-2.43921269e-05]
 [ 1.02464260e-01]]
Update Weights
wbar [1.0]
beta_list [13.404910300896193]
wf_list [1.0]
corrector
extracted model
{'est_weights': array([1.]), 'est_means': array([[ 4.89909421e+03],
       [ 3.38898588e+03],
       [-3.91549154e+03],
       [-3.67704564e+00],
       [-1.85068975e+00],
       [-6.23128816e+00]]), 'est_covars': array([[ 2.33105453e-02,  1.70142502e-01, -3.21970765e-02,
        -2.57308446e-05, -8.60824428e-06, -8.60334553e-05],
       [ 1.70142502e-01,  1.41181202e+00, -2.77809303e-01,
        -2.24236576e-04, -7.94341958e-05, -6.96135007e-04],
       [-3.21970765e-02, -2.77809303e-01,  5.65792254e-02,
         4.57928249e-05,  1.67658464e-05,  1.35831187e-04],
       [-2.57308446e-05, -2.24236576e-04,  4.57928249e-05,
         1.55158010e-06,  1.00766595e-07,  2.10703454e-06],
       [-8.60824428e-06, -7.94341958e-05,  1.67658464e-05,
         1.00766595e-07,  1.12921689e-06,  9.52257964e-07],
       [-8.60334553e-05, -6.96135007e-04,  1.35831187e-04,
         2.10703454e-06,  9.52257964e-07,  6.08867023e-06]])}
model bank
{'cubesat_nadir': {'weight': array(1.), 'spacecraftConfig': {'type': '3att', 'mass': 1.0, 'time': datetime.datetime(2018, 7, 12, 20, 18, 30), 'brdf_function': <function ashikhmin_premoze at 0x0000011CCD8160D0>, 'intfcn': <function ode_twobody_j2_drag_srp_notorque_ukf at 0x0000011CCD816EA0>, 'integrator': 'dop853', 'X': array([[ 4.89909421e+03],
       [ 3.38898588e+03],
       [-3.91549154e+03],
       [-3.67704564e+00],
       [-1.85068975e+00],
       [-6.23128816e+00],
       [ 5.63018481e-01],
       [ 1.90785625e-01],
       [-7.77137587e-01],
       [ 2.06562840e-01],
       [-2.54109884e-20],
       [-1.04426738e-03],
       [-8.77772625e-19]]), 'moi': array([[1.66666667e-09, 0.00000000e+00, 0.00000000e+00],
       [0.00000000e+00, 8.33333333e-09, 0.00000000e+00],
       [0.00000000e+00, 0.00000000e+00, 8.33333333e-09]]), 'comOffset': array([0., 0., 0.]), 'covar': array([[ 2.33105453e-02,  1.70142502e-01, -3.21970765e-02,
        -2.57308446e-05, -8.60824428e-06, -8.60334553e-05],
       [ 1.70142502e-01,  1.41181202e+00, -2.77809303e-01,
        -2.24236576e-04, -7.94341958e-05, -6.96135007e-04],
       [-3.21970765e-02, -2.77809303e-01,  5.65792254e-02,
         4.57928249e-05,  1.67658464e-05,  1.35831187e-04],
       [-2.57308446e-05, -2.24236576e-04,  4.57928249e-05,
         1.55158010e-06,  1.00766595e-07,  2.10703454e-06],
       [-8.60824428e-06, -7.94341958e-05,  1.67658464e-05,
         1.00766595e-07,  1.12921689e-06,  9.52257964e-07],
       [-8.60334553e-05, -6.96135007e-04,  1.35831187e-04,
         2.10703454e-06,  9.52257964e-07,  6.08867023e-06]])}, 'forcesCoeff': {'order': 2, 'degree': 0, 'dragCoeff': 3.0, 'emissivity': 0.05, 'solar_flux': 1367.0, 'Q': array([[1.e-10, 0.e+00, 0.e+00],
       [0.e+00, 1.e-10, 0.e+00],
       [0.e+00, 0.e+00, 1.e-10]])}, 'surfaces': {0: {'brdf_params': {'cSunVis': 455, 'd': 0.5, 'rho': 0.75, 's': 0.5, 'Fo': 0.75, 'nu': 10, 'nv': 10}, 'area': 1.0000000000000002e-08, 'center': array([[0.00015],
       [0.     ],
       [0.     ]]), 'norm_body_hat': array([[1.],
       [0.],
       [0.]]), 'u_body_hat': array([[0.],
       [1.],
       [0.]]), 'v_body_hat': array([[0.],
       [0.],
       [1.]])}, 1: {'brdf_params': {'cSunVis': 455, 'd': 0.5, 'rho': 0.75, 's': 0.5, 'Fo': 0.75, 'nu': 10, 'nv': 10}, 'area': 1.0000000000000002e-08, 'center': array([[-0.00015],
       [ 0.     ],
       [ 0.     ]]), 'norm_body_hat': array([[-1.],
       [ 0.],
       [ 0.]]), 'u_body_hat': array([[0.],
       [1.],
       [0.]]), 'v_body_hat': array([[ 0.],
       [ 0.],
       [-1.]])}, 2: {'brdf_params': {'cSunVis': 455, 'd': 0.5, 'rho': 0.75, 's': 0.5, 'Fo': 0.75, 'nu': 10, 'nv': 10}, 'area': 3e-08, 'center': array([[0.e+00],
       [5.e-05],
       [0.e+00]]), 'norm_body_hat': array([[0.],
       [1.],
       [0.]]), 'u_body_hat': array([[-1.],
       [ 0.],
       [ 0.]]), 'v_body_hat': array([[0.],
       [0.],
       [1.]])}, 3: {'brdf_params': {'cSunVis': 455, 'd': 0.5, 'rho': 0.75, 's': 0.5, 'Fo': 0.75, 'nu': 10, 'nv': 10}, 'area': 3e-08, 'center': array([[ 0.e+00],
       [-5.e-05],
       [ 0.e+00]]), 'norm_body_hat': array([[ 0.],
       [-1.],
       [ 0.]]), 'u_body_hat': array([[1.],
       [0.],
       [0.]]), 'v_body_hat': array([[0.],
       [0.],
       [1.]])}, 4: {'brdf_params': {'cSunVis': 455, 'd': 0.5, 'rho': 0.75, 's': 0.5, 'Fo': 0.75, 'nu': 10, 'nv': 10}, 'area': 3e-08, 'center': array([[0.e+00],
       [0.e+00],
       [5.e-05]]), 'norm_body_hat': array([[0.],
       [0.],
       [1.]]), 'u_body_hat': array([[1.],
       [0.],
       [0.]]), 'v_body_hat': array([[0.],
       [1.],
       [0.]])}, 5: {'brdf_params': {'cSunVis': 455, 'd': 0.5, 'rho': 0.75, 's': 0.5, 'Fo': 0.75, 'nu': 10, 'nv': 10}, 'area': 3e-08, 'center': array([[ 0.e+00],
       [ 0.e+00],
       [-5.e-05]]), 'norm_body_hat': array([[ 0.],
       [ 0.],
       [-1.]]), 'u_body_hat': array([[1.],
       [0.],
       [0.]]), 'v_body_hat': array([[ 0.],
       [-1.],
       [ 0.]])}}, 'resids': array([[ 3.42413805e-05],
       [-2.43921269e-05],
       [ 1.02464260e-01]])}}
Current time:  2018-07-12 20:18:40
cubesat_nadir
{'type': '3att', 'mass': 1.0, 'time': datetime.datetime(2018, 7, 12, 20, 18, 30), 'brdf_function': <function ashikhmin_premoze at 0x0000011CCD8160D0>, 'intfcn': <function ode_twobody_j2_drag_srp_notorque_ukf at 0x0000011CCD816EA0>, 'integrator': 'dop853', 'X': array([[ 4.89909421e+03],
       [ 3.38898588e+03],
       [-3.91549154e+03],
       [-3.67704564e+00],
       [-1.85068975e+00],
       [-6.23128816e+00],
       [ 5.63018481e-01],
       [ 1.90785625e-01],
       [-7.77137587e-01],
       [ 2.06562840e-01],
       [-2.54109884e-20],
       [-1.04426738e-03],
       [-8.77772625e-19]]), 'moi': array([[1.66666667e-09, 0.00000000e+00, 0.00000000e+00],
       [0.00000000e+00, 8.33333333e-09, 0.00000000e+00],
       [0.00000000e+00, 0.00000000e+00, 8.33333333e-09]]), 'comOffset': array([0., 0., 0.]), 'covar': array([[ 2.33105453e-02,  1.70142502e-01, -3.21970765e-02,
        -2.57308446e-05, -8.60824428e-06, -8.60334553e-05],
       [ 1.70142502e-01,  1.41181202e+00, -2.77809303e-01,
        -2.24236576e-04, -7.94341958e-05, -6.96135007e-04],
       [-3.21970765e-02, -2.77809303e-01,  5.65792254e-02,
         4.57928249e-05,  1.67658464e-05,  1.35831187e-04],
       [-2.57308446e-05, -2.24236576e-04,  4.57928249e-05,
         1.55158010e-06,  1.00766595e-07,  2.10703454e-06],
       [-8.60824428e-06, -7.94341958e-05,  1.67658464e-05,
         1.00766595e-07,  1.12921689e-06,  9.52257964e-07],
       [-8.60334553e-05, -6.96135007e-04,  1.35831187e-04,
         2.10703454e-06,  9.52257964e-07,  6.08867023e-06]])}
[[ 4.89909421e+03]
 [ 3.38898588e+03]
 [-3.91549154e+03]
 [-3.67704564e+00]
 [-1.85068975e+00]
 [-6.23128816e+00]
 [ 5.63018481e-01]
 [ 1.90785625e-01]
 [-7.77137587e-01]
 [ 2.06562840e-01]
 [-2.54109884e-20]
 [-1.04426738e-03]
 [-8.77772625e-19]]
2018-07-12 20:18:30
delta_t 10.0

 Process Noise


 Predictor Step
2018-07-12 20:18:40
[[ 4.86205504e+03]
 [ 3.37029289e+03]
 [-3.97758732e+03]
 [-3.73070892e+00]
 [-1.88784991e+00]
 [-6.18778173e+00]
 [ 5.58953128e-01]
 [ 1.89704495e-01]
 [-7.80066689e-01]
 [ 2.07556175e-01]
 [-2.54109884e-20]
 [-1.04426738e-03]
 [-8.77984912e-19]]
[[ 2.29743607e-02  1.67920624e-01 -3.24170238e-02 -7.88142811e-06
  -7.68529702e-06 -6.67310407e-05]
 [ 1.67920624e-01  1.41032844e+00 -2.84577491e-01 -2.03878407e-04
  -6.89168845e-05 -7.00735915e-04]
 [-3.24170238e-02 -2.84577491e-01  5.99332883e-02  6.29470832e-05
   2.64540544e-05  1.99634010e-04]
 [-7.88142811e-06 -2.03878407e-04  6.29470832e-05  1.55549096e-06
   9.97835566e-08  2.09915147e-06]
 [-7.68529702e-06 -6.89168845e-05  2.64540544e-05  9.97835566e-08
   1.13920077e-06  9.53224072e-07]
 [-6.67310407e-05 -7.00735915e-04  1.99634010e-04  2.09915147e-06
   9.53224072e-07  6.11242890e-06]]
predictor
{'cubesat_nadir': {'weight': array(1.), 'spacecraftConfig': {'type': '3att', 'mass': 1.0, 'time': datetime.datetime(2018, 7, 12, 20, 18, 30), 'brdf_function': <function ashikhmin_premoze at 0x0000011CCD8160D0>, 'intfcn': <function ode_twobody_j2_drag_srp_notorque_ukf at 0x0000011CCD816EA0>, 'integrator': 'dop853', 'X': array([[ 4.86205504e+03],
       [ 3.37029289e+03],
       [-3.97758732e+03],
       [-3.73070892e+00],
       [-1.88784991e+00],
       [-6.18778173e+00],
       [ 5.58953128e-01],
       [ 1.89704495e-01],
       [-7.80066689e-01],
       [ 2.07556175e-01],
       [-2.54109884e-20],
       [-1.04426738e-03],
       [-8.77984912e-19]]), 'moi': array([[1.66666667e-09, 0.00000000e+00, 0.00000000e+00],
       [0.00000000e+00, 8.33333333e-09, 0.00000000e+00],
       [0.00000000e+00, 0.00000000e+00, 8.33333333e-09]]), 'comOffset': array([0., 0., 0.]), 'covar': array([[ 2.29743607e-02,  1.67920624e-01, -3.24170238e-02,
        -7.88142811e-06, -7.68529702e-06, -6.67310407e-05],
       [ 1.67920624e-01,  1.41032844e+00, -2.84577491e-01,
        -2.03878407e-04, -6.89168845e-05, -7.00735915e-04],
       [-3.24170238e-02, -2.84577491e-01,  5.99332883e-02,
         6.29470832e-05,  2.64540544e-05,  1.99634010e-04],
       [-7.88142811e-06, -2.03878407e-04,  6.29470832e-05,
         1.55549096e-06,  9.97835566e-08,  2.09915147e-06],
       [-7.68529702e-06, -6.89168845e-05,  2.64540544e-05,
         9.97835566e-08,  1.13920077e-06,  9.53224072e-07],
       [-6.67310407e-05, -7.00735915e-04,  1.99634010e-04,
         2.09915147e-06,  9.53224072e-07,  6.11242890e-06]])}, 'forcesCoeff': {'order': 2, 'degree': 0, 'dragCoeff': 3.0, 'emissivity': 0.05, 'solar_flux': 1367.0, 'Q': array([[1.e-10, 0.e+00, 0.e+00],
       [0.e+00, 1.e-10, 0.e+00],
       [0.e+00, 0.e+00, 1.e-10]])}, 'surfaces': {0: {'brdf_params': {'cSunVis': 455, 'd': 0.5, 'rho': 0.75, 's': 0.5, 'Fo': 0.75, 'nu': 10, 'nv': 10}, 'area': 1.0000000000000002e-08, 'center': array([[0.00015],
       [0.     ],
       [0.     ]]), 'norm_body_hat': array([[1.],
       [0.],
       [0.]]), 'u_body_hat': array([[0.],
       [1.],
       [0.]]), 'v_body_hat': array([[0.],
       [0.],
       [1.]])}, 1: {'brdf_params': {'cSunVis': 455, 'd': 0.5, 'rho': 0.75, 's': 0.5, 'Fo': 0.75, 'nu': 10, 'nv': 10}, 'area': 1.0000000000000002e-08, 'center': array([[-0.00015],
       [ 0.     ],
       [ 0.     ]]), 'norm_body_hat': array([[-1.],
       [ 0.],
       [ 0.]]), 'u_body_hat': array([[0.],
       [1.],
       [0.]]), 'v_body_hat': array([[ 0.],
       [ 0.],
       [-1.]])}, 2: {'brdf_params': {'cSunVis': 455, 'd': 0.5, 'rho': 0.75, 's': 0.5, 'Fo': 0.75, 'nu': 10, 'nv': 10}, 'area': 3e-08, 'center': array([[0.e+00],
       [5.e-05],
       [0.e+00]]), 'norm_body_hat': array([[0.],
       [1.],
       [0.]]), 'u_body_hat': array([[-1.],
       [ 0.],
       [ 0.]]), 'v_body_hat': array([[0.],
       [0.],
       [1.]])}, 3: {'brdf_params': {'cSunVis': 455, 'd': 0.5, 'rho': 0.75, 's': 0.5, 'Fo': 0.75, 'nu': 10, 'nv': 10}, 'area': 3e-08, 'center': array([[ 0.e+00],
       [-5.e-05],
       [ 0.e+00]]), 'norm_body_hat': array([[ 0.],
       [-1.],
       [ 0.]]), 'u_body_hat': array([[1.],
       [0.],
       [0.]]), 'v_body_hat': array([[0.],
       [0.],
       [1.]])}, 4: {'brdf_params': {'cSunVis': 455, 'd': 0.5, 'rho': 0.75, 's': 0.5, 'Fo': 0.75, 'nu': 10, 'nv': 10}, 'area': 3e-08, 'center': array([[0.e+00],
       [0.e+00],
       [5.e-05]]), 'norm_body_hat': array([[0.],
       [0.],
       [1.]]), 'u_body_hat': array([[1.],
       [0.],
       [0.]]), 'v_body_hat': array([[0.],
       [1.],
       [0.]])}, 5: {'brdf_params': {'cSunVis': 455, 'd': 0.5, 'rho': 0.75, 's': 0.5, 'Fo': 0.75, 'nu': 10, 'nv': 10}, 'area': 3e-08, 'center': array([[ 0.e+00],
       [ 0.e+00],
       [-5.e-05]]), 'norm_body_hat': array([[ 0.],
       [ 0.],
       [-1.]]), 'u_body_hat': array([[1.],
       [0.],
       [0.]]), 'v_body_hat': array([[ 0.],
       [-1.],
       [ 0.]])}}, 'resids': array([[ 3.42413805e-05],
       [-2.43921269e-05],
       [ 1.02464260e-01]])}}
Yi [[ 1.4756305 ]
 [-0.24232522]
 [17.21827851]]
posterior
[[ 4.86205504e+03]
 [ 3.37029289e+03]
 [-3.97758732e+03]
 [-3.73070892e+00]
 [-1.88784991e+00]
 [-6.18778173e+00]
 [ 5.58953128e-01]
 [ 1.89704495e-01]
 [-7.80066689e-01]
 [ 2.07556175e-01]
 [-2.54109884e-20]
 [-1.04426738e-03]
 [-8.77984912e-19]]
[[ 4.86206627e+03]
 [ 3.37035699e+03]
 [-3.97759859e+03]
 [-3.73069923e+00]
 [-1.88785313e+00]
 [-6.18779638e+00]
 [ 5.58953128e-01]
 [ 1.89704495e-01]
 [-7.80066689e-01]
 [ 2.07556175e-01]
 [-2.54109884e-20]
 [-1.04426738e-03]
 [-8.77984912e-19]]
[[ 7.63182877e-03  7.24249415e-02 -1.69581735e-02 -3.01798833e-05
  -1.64625147e-05 -9.34292081e-05]
 [ 7.24249415e-02  7.51201025e-01 -1.76982206e-01 -3.32995113e-04
  -1.56666160e-04 -9.44683011e-04]
 [-1.69581735e-02 -1.76982206e-01  4.23575473e-02  8.37083470e-05
   4.11114589e-05  2.40177188e-04]
 [-3.01798833e-05 -3.32995113e-04  8.37083470e-05  1.52158874e-06
   9.19325972e-08  2.07179438e-06]
 [-1.64625147e-05 -1.56666160e-04  4.11114589e-05  9.19325972e-08
   1.11719903e-06  8.98008153e-07]
 [-9.34292081e-05 -9.44683011e-04  2.40177188e-04  2.07179438e-06
   8.98008153e-07  5.97190112e-06]]
[[ 1.47563547]
 [-0.24232869]
 [17.11047721]]
[[-4.97144730e-06]
 [ 3.46664210e-06]
 [ 1.07801298e-01]]


 Corrector Step
2018-07-12 20:18:40
[[ 4.86206627e+03]
 [ 3.37035699e+03]
 [-3.97759859e+03]
 [-3.73069923e+00]
 [-1.88785313e+00]
 [-6.18779638e+00]
 [ 5.58953128e-01]
 [ 1.89704495e-01]
 [-7.80066689e-01]
 [ 2.07556175e-01]
 [-2.54109884e-20]
 [-1.04426738e-03]
 [-8.77984912e-19]]
[[ 7.63182877e-03  7.24249415e-02 -1.69581735e-02 -3.01798833e-05
  -1.64625147e-05 -9.34292081e-05]
 [ 7.24249415e-02  7.51201025e-01 -1.76982206e-01 -3.32995113e-04
  -1.56666160e-04 -9.44683011e-04]
 [-1.69581735e-02 -1.76982206e-01  4.23575473e-02  8.37083470e-05
   4.11114589e-05  2.40177188e-04]
 [-3.01798833e-05 -3.32995113e-04  8.37083470e-05  1.52158874e-06
   9.19325972e-08  2.07179438e-06]
 [-1.64625147e-05 -1.56666160e-04  4.11114589e-05  9.19325972e-08
   1.11719903e-06  8.98008153e-07]
 [-9.34292081e-05 -9.44683011e-04  2.40177188e-04  2.07179438e-06
   8.98008153e-07  5.97190112e-06]]
123209658.68486966
post
cubesat_nadir
Ybar_post [[ 1.47563132]
 [-0.24232501]
 [17.11070103]]
resids [[-8.26834517e-07]
 [-2.14415831e-07]
 [ 1.07577478e-01]]
Update Weights
wbar [array(1.)]
beta_list [123209658.68486966]
wf_list [1.0]
corrector
extracted model
{'est_weights': array([1.]), 'est_means': array([[ 4.86206627e+03],
       [ 3.37035699e+03],
       [-3.97759859e+03],
       [-3.73069923e+00],
       [-1.88785313e+00],
       [-6.18779638e+00]]), 'est_covars': array([[ 7.63182877e-03,  7.24249415e-02, -1.69581735e-02,
        -3.01798833e-05, -1.64625147e-05, -9.34292081e-05],
       [ 7.24249415e-02,  7.51201025e-01, -1.76982206e-01,
        -3.32995113e-04, -1.56666160e-04, -9.44683011e-04],
       [-1.69581735e-02, -1.76982206e-01,  4.23575473e-02,
         8.37083470e-05,  4.11114589e-05,  2.40177188e-04],
       [-3.01798833e-05, -3.32995113e-04,  8.37083470e-05,
         1.52158874e-06,  9.19325972e-08,  2.07179438e-06],
       [-1.64625147e-05, -1.56666160e-04,  4.11114589e-05,
         9.19325972e-08,  1.11719903e-06,  8.98008153e-07],
       [-9.34292081e-05, -9.44683011e-04,  2.40177188e-04,
         2.07179438e-06,  8.98008153e-07,  5.97190112e-06]])}
model bank
{'cubesat_nadir': {'weight': array(1.), 'spacecraftConfig': {'type': '3att', 'mass': 1.0, 'time': datetime.datetime(2018, 7, 12, 20, 18, 40), 'brdf_function': <function ashikhmin_premoze at 0x0000011CCD8160D0>, 'intfcn': <function ode_twobody_j2_drag_srp_notorque_ukf at 0x0000011CCD816EA0>, 'integrator': 'dop853', 'X': array([[ 4.86206627e+03],
       [ 3.37035699e+03],
       [-3.97759859e+03],
       [-3.73069923e+00],
       [-1.88785313e+00],
       [-6.18779638e+00],
       [ 5.58953128e-01],
       [ 1.89704495e-01],
       [-7.80066689e-01],
       [ 2.07556175e-01],
       [-2.54109884e-20],
       [-1.04426738e-03],
       [-8.77984912e-19]]), 'moi': array([[1.66666667e-09, 0.00000000e+00, 0.00000000e+00],
       [0.00000000e+00, 8.33333333e-09, 0.00000000e+00],
       [0.00000000e+00, 0.00000000e+00, 8.33333333e-09]]), 'comOffset': array([0., 0., 0.]), 'covar': array([[ 7.63182877e-03,  7.24249415e-02, -1.69581735e-02,
        -3.01798833e-05, -1.64625147e-05, -9.34292081e-05],
       [ 7.24249415e-02,  7.51201025e-01, -1.76982206e-01,
        -3.32995113e-04, -1.56666160e-04, -9.44683011e-04],
       [-1.69581735e-02, -1.76982206e-01,  4.23575473e-02,
         8.37083470e-05,  4.11114589e-05,  2.40177188e-04],
       [-3.01798833e-05, -3.32995113e-04,  8.37083470e-05,
         1.52158874e-06,  9.19325972e-08,  2.07179438e-06],
       [-1.64625147e-05, -1.56666160e-04,  4.11114589e-05,
         9.19325972e-08,  1.11719903e-06,  8.98008153e-07],
       [-9.34292081e-05, -9.44683011e-04,  2.40177188e-04,
         2.07179438e-06,  8.98008153e-07,  5.97190112e-06]])}, 'forcesCoeff': {'order': 2, 'degree': 0, 'dragCoeff': 3.0, 'emissivity': 0.05, 'solar_flux': 1367.0, 'Q': array([[1.e-10, 0.e+00, 0.e+00],
       [0.e+00, 1.e-10, 0.e+00],
       [0.e+00, 0.e+00, 1.e-10]])}, 'surfaces': {0: {'brdf_params': {'cSunVis': 455, 'd': 0.5, 'rho': 0.75, 's': 0.5, 'Fo': 0.75, 'nu': 10, 'nv': 10}, 'area': 1.0000000000000002e-08, 'center': array([[0.00015],
       [0.     ],
       [0.     ]]), 'norm_body_hat': array([[1.],
       [0.],
       [0.]]), 'u_body_hat': array([[0.],
       [1.],
       [0.]]), 'v_body_hat': array([[0.],
       [0.],
       [1.]])}, 1: {'brdf_params': {'cSunVis': 455, 'd': 0.5, 'rho': 0.75, 's': 0.5, 'Fo': 0.75, 'nu': 10, 'nv': 10}, 'area': 1.0000000000000002e-08, 'center': array([[-0.00015],
       [ 0.     ],
       [ 0.     ]]), 'norm_body_hat': array([[-1.],
       [ 0.],
       [ 0.]]), 'u_body_hat': array([[0.],
       [1.],
       [0.]]), 'v_body_hat': array([[ 0.],
       [ 0.],
       [-1.]])}, 2: {'brdf_params': {'cSunVis': 455, 'd': 0.5, 'rho': 0.75, 's': 0.5, 'Fo': 0.75, 'nu': 10, 'nv': 10}, 'area': 3e-08, 'center': array([[0.e+00],
       [5.e-05],
       [0.e+00]]), 'norm_body_hat': array([[0.],
       [1.],
       [0.]]), 'u_body_hat': array([[-1.],
       [ 0.],
       [ 0.]]), 'v_body_hat': array([[0.],
       [0.],
       [1.]])}, 3: {'brdf_params': {'cSunVis': 455, 'd': 0.5, 'rho': 0.75, 's': 0.5, 'Fo': 0.75, 'nu': 10, 'nv': 10}, 'area': 3e-08, 'center': array([[ 0.e+00],
       [-5.e-05],
       [ 0.e+00]]), 'norm_body_hat': array([[ 0.],
       [-1.],
       [ 0.]]), 'u_body_hat': array([[1.],
       [0.],
       [0.]]), 'v_body_hat': array([[0.],
       [0.],
       [1.]])}, 4: {'brdf_params': {'cSunVis': 455, 'd': 0.5, 'rho': 0.75, 's': 0.5, 'Fo': 0.75, 'nu': 10, 'nv': 10}, 'area': 3e-08, 'center': array([[0.e+00],
       [0.e+00],
       [5.e-05]]), 'norm_body_hat': array([[0.],
       [0.],
       [1.]]), 'u_body_hat': array([[1.],
       [0.],
       [0.]]), 'v_body_hat': array([[0.],
       [1.],
       [0.]])}, 5: {'brdf_params': {'cSunVis': 455, 'd': 0.5, 'rho': 0.75, 's': 0.5, 'Fo': 0.75, 'nu': 10, 'nv': 10}, 'area': 3e-08, 'center': array([[ 0.e+00],
       [ 0.e+00],
       [-5.e-05]]), 'norm_body_hat': array([[ 0.],
       [ 0.],
       [-1.]]), 'u_body_hat': array([[1.],
       [0.],
       [0.]]), 'v_body_hat': array([[ 0.],
       [-1.],
       [ 0.]])}}, 'resids': array([[-8.26834517e-07],
       [-2.14415831e-07],
       [ 1.07577478e-01]])}}
Current time:  2018-07-12 20:18:50
cubesat_nadir
{'type': '3att', 'mass': 1.0, 'time': datetime.datetime(2018, 7, 12, 20, 18, 40), 'brdf_function': <function ashikhmin_premoze at 0x0000011CCD8160D0>, 'intfcn': <function ode_twobody_j2_drag_srp_notorque_ukf at 0x0000011CCD816EA0>, 'integrator': 'dop853', 'X': array([[ 4.86206627e+03],
       [ 3.37035699e+03],
       [-3.97759859e+03],
       [-3.73069923e+00],
       [-1.88785313e+00],
       [-6.18779638e+00],
       [ 5.58953128e-01],
       [ 1.89704495e-01],
       [-7.80066689e-01],
       [ 2.07556175e-01],
       [-2.54109884e-20],
       [-1.04426738e-03],
       [-8.77984912e-19]]), 'moi': array([[1.66666667e-09, 0.00000000e+00, 0.00000000e+00],
       [0.00000000e+00, 8.33333333e-09, 0.00000000e+00],
       [0.00000000e+00, 0.00000000e+00, 8.33333333e-09]]), 'comOffset': array([0., 0., 0.]), 'covar': array([[ 7.63182877e-03,  7.24249415e-02, -1.69581735e-02,
        -3.01798833e-05, -1.64625147e-05, -9.34292081e-05],
       [ 7.24249415e-02,  7.51201025e-01, -1.76982206e-01,
        -3.32995113e-04, -1.56666160e-04, -9.44683011e-04],
       [-1.69581735e-02, -1.76982206e-01,  4.23575473e-02,
         8.37083470e-05,  4.11114589e-05,  2.40177188e-04],
       [-3.01798833e-05, -3.32995113e-04,  8.37083470e-05,
         1.52158874e-06,  9.19325972e-08,  2.07179438e-06],
       [-1.64625147e-05, -1.56666160e-04,  4.11114589e-05,
         9.19325972e-08,  1.11719903e-06,  8.98008153e-07],
       [-9.34292081e-05, -9.44683011e-04,  2.40177188e-04,
         2.07179438e-06,  8.98008153e-07,  5.97190112e-06]])}
[[ 4.86206627e+03]
 [ 3.37035699e+03]
 [-3.97759859e+03]
 [-3.73069923e+00]
 [-1.88785313e+00]
 [-6.18779638e+00]
 [ 5.58953128e-01]
 [ 1.89704495e-01]
 [-7.80066689e-01]
 [ 2.07556175e-01]
 [-2.54109884e-20]
 [-1.04426738e-03]
 [-8.77984912e-19]]
2018-07-12 20:18:40
delta_t 10.0

 Process Noise


 Predictor Step
2018-07-12 20:18:50
[[ 4.82449244e+03]
 [ 3.35129357e+03]
 [-4.03925625e+03]
 [-3.78394474e+00]
 [-1.92480097e+00]
 [-6.14361433e+00]
 [ 5.54872536e-01]
 [ 1.88618193e-01]
 [-7.82974525e-01]
 [ 2.08543853e-01]
 [-2.54109884e-20]
 [-1.04426738e-03]
 [-8.78197199e-19]]
[[ 7.19052433e-03  6.89918283e-02 -1.68647026e-02 -1.39707442e-05
  -1.55872859e-05 -7.34676970e-05]
 [ 6.89918283e-02  7.48175473e-01 -1.85964385e-01 -3.21592615e-04
  -1.45864711e-04 -9.43062257e-04]
 [-1.68647026e-02 -1.85964385e-01  4.77767873e-02  1.01821303e-04
   5.01950631e-05  3.01819433e-04]
 [-1.39707442e-05 -3.21592615e-04  1.01821303e-04  1.52215656e-06
   8.98503693e-08  2.06116802e-06]
 [-1.55872859e-05 -1.45864711e-04  5.01950631e-05  8.98503693e-08
   1.12717330e-06  8.99728351e-07]
 [-7.34676970e-05 -9.43062257e-04  3.01819433e-04  2.06116802e-06
   8.99728351e-07  6.00027225e-06]]
predictor
{'cubesat_nadir': {'weight': array(1.), 'spacecraftConfig': {'type': '3att', 'mass': 1.0, 'time': datetime.datetime(2018, 7, 12, 20, 18, 40), 'brdf_function': <function ashikhmin_premoze at 0x0000011CCD8160D0>, 'intfcn': <function ode_twobody_j2_drag_srp_notorque_ukf at 0x0000011CCD816EA0>, 'integrator': 'dop853', 'X': array([[ 4.82449244e+03],
       [ 3.35129357e+03],
       [-4.03925625e+03],
       [-3.78394474e+00],
       [-1.92480097e+00],
       [-6.14361433e+00],
       [ 5.54872536e-01],
       [ 1.88618193e-01],
       [-7.82974525e-01],
       [ 2.08543853e-01],
       [-2.54109884e-20],
       [-1.04426738e-03],
       [-8.78197199e-19]]), 'moi': array([[1.66666667e-09, 0.00000000e+00, 0.00000000e+00],
       [0.00000000e+00, 8.33333333e-09, 0.00000000e+00],
       [0.00000000e+00, 0.00000000e+00, 8.33333333e-09]]), 'comOffset': array([0., 0., 0.]), 'covar': array([[ 7.19052433e-03,  6.89918283e-02, -1.68647026e-02,
        -1.39707442e-05, -1.55872859e-05, -7.34676970e-05],
       [ 6.89918283e-02,  7.48175473e-01, -1.85964385e-01,
        -3.21592615e-04, -1.45864711e-04, -9.43062257e-04],
       [-1.68647026e-02, -1.85964385e-01,  4.77767873e-02,
         1.01821303e-04,  5.01950631e-05,  3.01819433e-04],
       [-1.39707442e-05, -3.21592615e-04,  1.01821303e-04,
         1.52215656e-06,  8.98503693e-08,  2.06116802e-06],
       [-1.55872859e-05, -1.45864711e-04,  5.01950631e-05,
         8.98503693e-08,  1.12717330e-06,  8.99728351e-07],
       [-7.34676970e-05, -9.43062257e-04,  3.01819433e-04,
         2.06116802e-06,  8.99728351e-07,  6.00027225e-06]])}, 'forcesCoeff': {'order': 2, 'degree': 0, 'dragCoeff': 3.0, 'emissivity': 0.05, 'solar_flux': 1367.0, 'Q': array([[1.e-10, 0.e+00, 0.e+00],
       [0.e+00, 1.e-10, 0.e+00],
       [0.e+00, 0.e+00, 1.e-10]])}, 'surfaces': {0: {'brdf_params': {'cSunVis': 455, 'd': 0.5, 'rho': 0.75, 's': 0.5, 'Fo': 0.75, 'nu': 10, 'nv': 10}, 'area': 1.0000000000000002e-08, 'center': array([[0.00015],
       [0.     ],
       [0.     ]]), 'norm_body_hat': array([[1.],
       [0.],
       [0.]]), 'u_body_hat': array([[0.],
       [1.],
       [0.]]), 'v_body_hat': array([[0.],
       [0.],
       [1.]])}, 1: {'brdf_params': {'cSunVis': 455, 'd': 0.5, 'rho': 0.75, 's': 0.5, 'Fo': 0.75, 'nu': 10, 'nv': 10}, 'area': 1.0000000000000002e-08, 'center': array([[-0.00015],
       [ 0.     ],
       [ 0.     ]]), 'norm_body_hat': array([[-1.],
       [ 0.],
       [ 0.]]), 'u_body_hat': array([[0.],
       [1.],
       [0.]]), 'v_body_hat': array([[ 0.],
       [ 0.],
       [-1.]])}, 2: {'brdf_params': {'cSunVis': 455, 'd': 0.5, 'rho': 0.75, 's': 0.5, 'Fo': 0.75, 'nu': 10, 'nv': 10}, 'area': 3e-08, 'center': array([[0.e+00],
       [5.e-05],
       [0.e+00]]), 'norm_body_hat': array([[0.],
       [1.],
       [0.]]), 'u_body_hat': array([[-1.],
       [ 0.],
       [ 0.]]), 'v_body_hat': array([[0.],
       [0.],
       [1.]])}, 3: {'brdf_params': {'cSunVis': 455, 'd': 0.5, 'rho': 0.75, 's': 0.5, 'Fo': 0.75, 'nu': 10, 'nv': 10}, 'area': 3e-08, 'center': array([[ 0.e+00],
       [-5.e-05],
       [ 0.e+00]]), 'norm_body_hat': array([[ 0.],
       [-1.],
       [ 0.]]), 'u_body_hat': array([[1.],
       [0.],
       [0.]]), 'v_body_hat': array([[0.],
       [0.],
       [1.]])}, 4: {'brdf_params': {'cSunVis': 455, 'd': 0.5, 'rho': 0.75, 's': 0.5, 'Fo': 0.75, 'nu': 10, 'nv': 10}, 'area': 3e-08, 'center': array([[0.e+00],
       [0.e+00],
       [5.e-05]]), 'norm_body_hat': array([[0.],
       [0.],
       [1.]]), 'u_body_hat': array([[1.],
       [0.],
       [0.]]), 'v_body_hat': array([[0.],
       [1.],
       [0.]])}, 5: {'brdf_params': {'cSunVis': 455, 'd': 0.5, 'rho': 0.75, 's': 0.5, 'Fo': 0.75, 'nu': 10, 'nv': 10}, 'area': 3e-08, 'center': array([[ 0.e+00],
       [ 0.e+00],
       [-5.e-05]]), 'norm_body_hat': array([[ 0.],
       [ 0.],
       [-1.]]), 'u_body_hat': array([[1.],
       [0.],
       [0.]]), 'v_body_hat': array([[ 0.],
       [-1.],
       [ 0.]])}}, 'resids': array([[-8.26834517e-07],
       [-2.14415831e-07],
       [ 1.07577478e-01]])}}
Yi [[ 1.50351036]
 [-0.29452532]
 [16.27355967]]
posterior
[[ 4.82449244e+03]
 [ 3.35129357e+03]
 [-4.03925625e+03]
 [-3.78394474e+00]
 [-1.92480097e+00]
 [-6.14361433e+00]
 [ 5.54872536e-01]
 [ 1.88618193e-01]
 [-7.82974525e-01]
 [ 2.08543853e-01]
 [-2.54109884e-20]
 [-1.04426738e-03]
 [-8.78197199e-19]]
[[ 4.82461036e+03]
 [ 3.35241205e+03]
 [-4.03949730e+03]
 [-3.78378416e+00]
 [-1.92473595e+00]
 [-6.14340874e+00]
 [ 5.54872536e-01]
 [ 1.88618193e-01]
 [-7.82974525e-01]
 [ 2.08543853e-01]
 [-2.54109884e-20]
 [-1.04426738e-03]
 [-8.78197199e-19]]
[[ 2.55780294e-03  2.78960034e-02 -7.85536133e-03 -2.26585161e-05
  -1.46315962e-05 -7.49079824e-05]
