{'sphere_lamr_small': {'weight': 0.5, 'spacecraftConfig': {'type': '3DoF', 'mass': 1.0, 'radius': 5.641895835477564e-05, 'time': datetime.datetime(2018, 7, 12, 9, 0), 'brdf_function': <function lambertian_sphere at 0x00000283CF311F28>, 'intfcn': <function ode_twobody_j2_drag_srp_ukf at 0x00000283CF316B70>, 'integrator': 'dop853', 'X': array([-1.42377388e+03, -3.74051871e+02, -6.98483197e+03, -6.11401899e+00,
       -4.00351752e+00,  1.46121163e+00]), 'covar': array([[1.e+00, 0.e+00, 0.e+00, 0.e+00, 0.e+00, 0.e+00],
       [0.e+00, 1.e+00, 0.e+00, 0.e+00, 0.e+00, 0.e+00],
       [0.e+00, 0.e+00, 1.e+00, 0.e+00, 0.e+00, 0.e+00],
       [0.e+00, 0.e+00, 0.e+00, 1.e-06, 0.e+00, 0.e+00],
       [0.e+00, 0.e+00, 0.e+00, 0.e+00, 1.e-06, 0.e+00],
       [0.e+00, 0.e+00, 0.e+00, 0.e+00, 0.e+00, 1.e-06]])}, 'forcesCoeff': {'order': 2, 'degree': 0, 'dragCoeff': 2.2, 'emissivity': 0.05, 'solar_flux': 1367.0, 'Q': array([[1.e-12, 0.e+00, 0.e+00],
       [0.e+00, 1.e-12, 0.e+00],
       [0.e+00, 0.e+00, 1.e-12]])}, 'surfaces': {0: {'brdf_params': {'cSunVis': 455.0, 'd': 1.0, 'rho': 0.75, 's': 0.0, 'Fo': 0.5}}}}, 'cubesat_nadir': {'weight': 0.5, 'spacecraftConfig': {'type': '3att', 'mass': 1.0, 'time': datetime.datetime(2018, 7, 12, 9, 0), 'brdf_function': <function ashikhmin_premoze at 0x00000283CF3160D0>, 'intfcn': <function ode_twobody_j2_drag_srp_notorque_ukf at 0x00000283CF316EA0>, 'integrator': 'dop853', 'X': array([-1.42377388e+03, -3.74051871e+02, -6.98483197e+03, -6.11401899e+00,
       -4.00351752e+00,  1.46121163e+00,  1.03556064e-01, -2.98808893e-03,
        9.54048626e-01, -2.81173314e-01, -2.54109884e-20, -1.04426738e-03,
       -1.35525272e-20]), 'moi': array([[1.66666667e-09, 0.00000000e+00, 0.00000000e+00],
       [0.00000000e+00, 8.33333333e-09, 0.00000000e+00],
       [0.00000000e+00, 0.00000000e+00, 8.33333333e-09]]), 'comOffset': array([0., 0., 0.]), 'covar': array([[1.e+00, 0.e+00, 0.e+00, 0.e+00, 0.e+00, 0.e+00],
       [0.e+00, 1.e+00, 0.e+00, 0.e+00, 0.e+00, 0.e+00],
       [0.e+00, 0.e+00, 1.e+00, 0.e+00, 0.e+00, 0.e+00],
       [0.e+00, 0.e+00, 0.e+00, 1.e-06, 0.e+00, 0.e+00],
       [0.e+00, 0.e+00, 0.e+00, 0.e+00, 1.e-06, 0.e+00],
       [0.e+00, 0.e+00, 0.e+00, 0.e+00, 0.e+00, 1.e-06]])}, 'forcesCoeff': {'order': 2, 'degree': 0, 'dragCoeff': 3.0, 'emissivity': 0.05, 'solar_flux': 1367.0, 'Q': array([[1.e-10, 0.e+00, 0.e+00],
       [0.e+00, 1.e-10, 0.e+00],
       [0.e+00, 0.e+00, 1.e-10]])}, 'surfaces': {0: {'brdf_params': {'cSunVis': 455, 'd': 0.5, 'rho': 0.75, 's': 0.5, 'Fo': 0.75, 'nu': 10, 'nv': 10}, 'area': 1.0000000000000002e-08, 'center': array([[0.00015],
       [0.     ],
       [0.     ]]), 'norm_body_hat': array([[1.],
       [0.],
       [0.]]), 'u_body_hat': array([[0.],
       [1.],
       [0.]]), 'v_body_hat': array([[0.],
       [0.],
       [1.]])}, 1: {'brdf_params': {'cSunVis': 455, 'd': 0.5, 'rho': 0.75, 's': 0.5, 'Fo': 0.75, 'nu': 10, 'nv': 10}, 'area': 1.0000000000000002e-08, 'center': array([[-0.00015],
       [ 0.     ],
       [ 0.     ]]), 'norm_body_hat': array([[-1.],
       [ 0.],
       [ 0.]]), 'u_body_hat': array([[0.],
       [1.],
       [0.]]), 'v_body_hat': array([[ 0.],
       [ 0.],
       [-1.]])}, 2: {'brdf_params': {'cSunVis': 455, 'd': 0.5, 'rho': 0.75, 's': 0.5, 'Fo': 0.75, 'nu': 10, 'nv': 10}, 'area': 3e-08, 'center': array([[0.e+00],
       [5.e-05],
       [0.e+00]]), 'norm_body_hat': array([[0.],
       [1.],
       [0.]]), 'u_body_hat': array([[-1.],
       [ 0.],
       [ 0.]]), 'v_body_hat': array([[0.],
       [0.],
       [1.]])}, 3: {'brdf_params': {'cSunVis': 455, 'd': 0.5, 'rho': 0.75, 's': 0.5, 'Fo': 0.75, 'nu': 10, 'nv': 10}, 'area': 3e-08, 'center': array([[ 0.e+00],
       [-5.e-05],
       [ 0.e+00]]), 'norm_body_hat': array([[ 0.],
       [-1.],
       [ 0.]]), 'u_body_hat': array([[1.],
       [0.],
       [0.]]), 'v_body_hat': array([[0.],
       [0.],
       [1.]])}, 4: {'brdf_params': {'cSunVis': 455, 'd': 0.5, 'rho': 0.75, 's': 0.5, 'Fo': 0.75, 'nu': 10, 'nv': 10}, 'area': 3e-08, 'center': array([[0.e+00],
       [0.e+00],
       [5.e-05]]), 'norm_body_hat': array([[0.],
       [0.],
       [1.]]), 'u_body_hat': array([[1.],
       [0.],
       [0.]]), 'v_body_hat': array([[0.],
       [1.],
       [0.]])}, 5: {'brdf_params': {'cSunVis': 455, 'd': 0.5, 'rho': 0.75, 's': 0.5, 'Fo': 0.75, 'nu': 10, 'nv': 10}, 'area': 3e-08, 'center': array([[ 0.e+00],
       [ 0.e+00],
       [-5.e-05]]), 'norm_body_hat': array([[ 0.],
       [ 0.],
       [-1.]]), 'u_body_hat': array([[1.],
       [0.],
       [0.]]), 'v_body_hat': array([[ 0.],
       [-1.],
       [ 0.]])}}}}
Current time:  2018-07-12 20:18:30
cubesat_nadir
{'type': '3att', 'mass': 1.0, 'time': datetime.datetime(2018, 7, 12, 9, 0), 'brdf_function': <function ashikhmin_premoze at 0x00000283CF3160D0>, 'intfcn': <function ode_twobody_j2_drag_srp_notorque_ukf at 0x00000283CF316EA0>, 'integrator': 'dop853', 'X': array([-1.42377388e+03, -3.74051871e+02, -6.98483197e+03, -6.11401899e+00,
       -4.00351752e+00,  1.46121163e+00,  1.03556064e-01, -2.98808893e-03,
        9.54048626e-01, -2.81173314e-01, -2.54109884e-20, -1.04426738e-03,
       -1.35525272e-20]), 'moi': array([[1.66666667e-09, 0.00000000e+00, 0.00000000e+00],
       [0.00000000e+00, 8.33333333e-09, 0.00000000e+00],
       [0.00000000e+00, 0.00000000e+00, 8.33333333e-09]]), 'comOffset': array([0., 0., 0.]), 'covar': array([[1.e+00, 0.e+00, 0.e+00, 0.e+00, 0.e+00, 0.e+00],
       [0.e+00, 1.e+00, 0.e+00, 0.e+00, 0.e+00, 0.e+00],
       [0.e+00, 0.e+00, 1.e+00, 0.e+00, 0.e+00, 0.e+00],
       [0.e+00, 0.e+00, 0.e+00, 1.e-06, 0.e+00, 0.e+00],
       [0.e+00, 0.e+00, 0.e+00, 0.e+00, 1.e-06, 0.e+00],
       [0.e+00, 0.e+00, 0.e+00, 0.e+00, 0.e+00, 1.e-06]])}
[[-1.42377388e+03]
 [-3.74051871e+02]
 [-6.98483197e+03]
 [-6.11401899e+00]
 [-4.00351752e+00]
 [ 1.46121163e+00]
 [ 1.03556064e-01]
 [-2.98808893e-03]
 [ 9.54048626e-01]
 [-2.81173314e-01]
 [-2.54109884e-20]
 [-1.04426738e-03]
 [-1.35525272e-20]]
2018-07-12 09:00:00
delta_t 40710.0
sphere_lamr_small
{'type': '3DoF', 'mass': 1.0, 'radius': 5.641895835477564e-05, 'time': datetime.datetime(2018, 7, 12, 9, 0), 'brdf_function': <function lambertian_sphere at 0x00000283CF311F28>, 'intfcn': <function ode_twobody_j2_drag_srp_ukf at 0x00000283CF316B70>, 'integrator': 'dop853', 'X': array([-1.42377388e+03, -3.74051871e+02, -6.98483197e+03, -6.11401899e+00,
       -4.00351752e+00,  1.46121163e+00]), 'covar': array([[1.e+00, 0.e+00, 0.e+00, 0.e+00, 0.e+00, 0.e+00],
       [0.e+00, 1.e+00, 0.e+00, 0.e+00, 0.e+00, 0.e+00],
       [0.e+00, 0.e+00, 1.e+00, 0.e+00, 0.e+00, 0.e+00],
       [0.e+00, 0.e+00, 0.e+00, 1.e-06, 0.e+00, 0.e+00],
       [0.e+00, 0.e+00, 0.e+00, 0.e+00, 1.e-06, 0.e+00],
       [0.e+00, 0.e+00, 0.e+00, 0.e+00, 0.e+00, 1.e-06]])}
[[-1.42377388e+03]
 [-3.74051871e+02]
 [-6.98483197e+03]
 [-6.11401899e+00]
 [-4.00351752e+00]
 [ 1.46121163e+00]]
2018-07-12 09:00:00
delta_t 40710.0
predictor
{'sphere_lamr_small': {'weight': 0.5, 'spacecraftConfig': {'type': '3DoF', 'mass': 1.0, 'radius': 5.641895835477564e-05, 'time': datetime.datetime(2018, 7, 12, 9, 0), 'brdf_function': <function lambertian_sphere at 0x00000283CF311F28>, 'intfcn': <function ode_twobody_j2_drag_srp_ukf at 0x00000283CF316B70>, 'integrator': 'dop853', 'X': array([[ 4.76955513e+03],
       [ 3.32546121e+03],
       [-4.11739350e+03],
       [-3.85115113e+00],
       [-1.96996595e+00],
       [-6.08819343e+00]]), 'covar': array([[ 8.77497151e+03,  4.51251560e+03,  1.35739749e+04,
         1.16919858e+01,  8.14654088e+00, -1.00659345e+01],
       [ 4.51251560e+03,  2.32182557e+03,  6.97898670e+03,
         6.01143466e+00,  4.18866430e+00, -5.17675319e+00],
       [ 1.35739749e+04,  6.97898670e+03,  2.10283802e+04,
         1.81111724e+01,  1.26178445e+01, -1.55745750e+01],
       [ 1.16919858e+01,  6.01143466e+00,  1.81111724e+01,
         1.56003208e-02,  1.08676624e-02, -1.34129936e-02],
       [ 8.14654088e+00,  4.18866430e+00,  1.26178445e+01,
         1.08676624e-02,  7.57254561e-03, -9.34600960e-03],
       [-1.00659345e+01, -5.17675319e+00, -1.55745750e+01,
        -1.34129936e-02, -9.34600960e-03,  1.15530134e-02]])}, 'forcesCoeff': {'order': 2, 'degree': 0, 'dragCoeff': 2.2, 'emissivity': 0.05, 'solar_flux': 1367.0, 'Q': array([[1.e-12, 0.e+00, 0.e+00],
       [0.e+00, 1.e-12, 0.e+00],
       [0.e+00, 0.e+00, 1.e-12]])}, 'surfaces': {0: {'brdf_params': {'cSunVis': 455.0, 'd': 1.0, 'rho': 0.75, 's': 0.0, 'Fo': 0.5}}}}, 'cubesat_nadir': {'weight': 0.5, 'spacecraftConfig': {'type': '3att', 'mass': 1.0, 'time': datetime.datetime(2018, 7, 12, 9, 0), 'brdf_function': <function ashikhmin_premoze at 0x00000283CF3160D0>, 'intfcn': <function ode_twobody_j2_drag_srp_notorque_ukf at 0x00000283CF316EA0>, 'integrator': 'dop853', 'X': array([[ 4.76895404e+03],
       [ 3.32515066e+03],
       [-4.11828736e+03],
       [-3.85194734e+00],
       [-1.97051612e+00],
       [-6.08751947e+00],
       [ 5.63018481e-01],
       [ 1.90785625e-01],
       [-7.77137587e-01],
       [ 2.06562840e-01],
       [-2.54109884e-20],
       [-1.04426738e-03],
       [-8.77772625e-19]]), 'moi': array([[1.66666667e-09, 0.00000000e+00, 0.00000000e+00],
       [0.00000000e+00, 8.33333333e-09, 0.00000000e+00],
       [0.00000000e+00, 0.00000000e+00, 8.33333333e-09]]), 'comOffset': array([0., 0., 0.]), 'covar': array([[ 8.78350821e+03,  4.51723239e+03,  1.35827823e+04,
         1.16997267e+01,  8.15217794e+00, -1.00759657e+01],
       [ 4.51723239e+03,  2.32441697e+03,  6.98404594e+03,
         6.01586582e+00,  4.19187517e+00, -5.18229528e+00],
       [ 1.35827823e+04,  6.98404594e+03,  2.10349448e+04,
         1.81171496e+01,  1.26224058e+01, -1.55849276e+01],
       [ 1.16997267e+01,  6.01586582e+00,  1.81171496e+01,
         1.56057509e-02,  1.08717824e-02, -1.34220800e-02],
       [ 8.15217794e+00,  4.19187517e+00,  1.26224058e+01,
         1.08717824e-02,  7.57564916e-03, -9.35262704e-03],
       [-1.00759657e+01, -5.18229528e+00, -1.55849276e+01,
        -1.34220800e-02, -9.35262704e-03,  1.15648100e-02]])}, 'forcesCoeff': {'order': 2, 'degree': 0, 'dragCoeff': 3.0, 'emissivity': 0.05, 'solar_flux': 1367.0, 'Q': array([[1.e-10, 0.e+00, 0.e+00],
       [0.e+00, 1.e-10, 0.e+00],
       [0.e+00, 0.e+00, 1.e-10]])}, 'surfaces': {0: {'brdf_params': {'cSunVis': 455, 'd': 0.5, 'rho': 0.75, 's': 0.5, 'Fo': 0.75, 'nu': 10, 'nv': 10}, 'area': 1.0000000000000002e-08, 'center': array([[0.00015],
       [0.     ],
       [0.     ]]), 'norm_body_hat': array([[1.],
       [0.],
       [0.]]), 'u_body_hat': array([[0.],
       [1.],
       [0.]]), 'v_body_hat': array([[0.],
       [0.],
       [1.]])}, 1: {'brdf_params': {'cSunVis': 455, 'd': 0.5, 'rho': 0.75, 's': 0.5, 'Fo': 0.75, 'nu': 10, 'nv': 10}, 'area': 1.0000000000000002e-08, 'center': array([[-0.00015],
       [ 0.     ],
       [ 0.     ]]), 'norm_body_hat': array([[-1.],
       [ 0.],
       [ 0.]]), 'u_body_hat': array([[0.],
       [1.],
       [0.]]), 'v_body_hat': array([[ 0.],
       [ 0.],
       [-1.]])}, 2: {'brdf_params': {'cSunVis': 455, 'd': 0.5, 'rho': 0.75, 's': 0.5, 'Fo': 0.75, 'nu': 10, 'nv': 10}, 'area': 3e-08, 'center': array([[0.e+00],
       [5.e-05],
       [0.e+00]]), 'norm_body_hat': array([[0.],
       [1.],
       [0.]]), 'u_body_hat': array([[-1.],
       [ 0.],
       [ 0.]]), 'v_body_hat': array([[0.],
       [0.],
       [1.]])}, 3: {'brdf_params': {'cSunVis': 455, 'd': 0.5, 'rho': 0.75, 's': 0.5, 'Fo': 0.75, 'nu': 10, 'nv': 10}, 'area': 3e-08, 'center': array([[ 0.e+00],
       [-5.e-05],
       [ 0.e+00]]), 'norm_body_hat': array([[ 0.],
       [-1.],
       [ 0.]]), 'u_body_hat': array([[1.],
       [0.],
       [0.]]), 'v_body_hat': array([[0.],
       [0.],
       [1.]])}, 4: {'brdf_params': {'cSunVis': 455, 'd': 0.5, 'rho': 0.75, 's': 0.5, 'Fo': 0.75, 'nu': 10, 'nv': 10}, 'area': 3e-08, 'center': array([[0.e+00],
       [0.e+00],
       [5.e-05]]), 'norm_body_hat': array([[0.],
       [0.],
       [1.]]), 'u_body_hat': array([[1.],
       [0.],
       [0.]]), 'v_body_hat': array([[0.],
       [1.],
       [0.]])}, 5: {'brdf_params': {'cSunVis': 455, 'd': 0.5, 'rho': 0.75, 's': 0.5, 'Fo': 0.75, 'nu': 10, 'nv': 10}, 'area': 3e-08, 'center': array([[ 0.e+00],
       [ 0.e+00],
       [-5.e-05]]), 'norm_body_hat': array([[ 0.],
       [ 0.],
       [-1.]]), 'u_body_hat': array([[1.],
       [0.],
       [0.]]), 'v_body_hat': array([[ 0.],
       [-1.],
       [ 0.]])}}}}
Yi [[ 1.44927721]
 [-0.19045187]
 [18.85529348]]
posterior
[[ 4.76895404e+03]
 [ 3.32515066e+03]
 [-4.11828736e+03]
 [-3.85194734e+00]
 [-1.97051612e+00]
 [-6.08751947e+00]
 [ 5.63018481e-01]
 [ 1.90785625e-01]
 [-7.77137587e-01]
 [ 2.06562840e-01]
 [-2.54109884e-20]
 [-1.04426738e-03]
 [-8.77772625e-19]]
[[ 4.90894394e+03]
 [ 3.39790741e+03]
 [-3.92641126e+03]
 [-3.68537574e+00]
 [-1.85340102e+00]
 [-6.24514332e+00]
 [ 5.63018481e-01]
 [ 1.90785625e-01]
 [-7.77137587e-01]
 [ 2.06562840e-01]
 [-2.54109884e-20]
 [-1.04426738e-03]
 [-8.77772625e-19]]
[[ 8.55259973e-01  5.00186795e-01 -6.07702971e-01 -4.21758771e-04
  -2.11412201e-04 -7.48736126e-04]
 [ 5.00186795e-01  1.53315422e+00 -8.09912239e-01 -6.30717575e-04
  -3.12527423e-04 -9.20588859e-04]
 [-6.07702971e-01 -8.09912239e-01  5.99584305e-01  4.41409144e-04
   2.20081881e-04  7.08680436e-04]
 [-4.21758771e-04 -6.30717575e-04  4.41409144e-04  1.90710418e-06
   2.88948291e-07  2.55164706e-06]
 [-2.11412201e-04 -3.12527423e-04  2.20081881e-04  2.88948291e-07
   1.22642727e-06  1.20752184e-06]
 [-7.48736126e-04 -9.20588859e-04  7.08680436e-04  2.55164706e-06
   1.20752184e-06  6.41933171e-06]]
[[ 1.55514866]
 [-0.3579371 ]
 [15.40767097]]
[[-0.10587145]
 [ 0.16748523]
 [ 3.44762251]]
post
cubesat_nadir
Ybar_post [[ 1.4423887 ]
 [-0.19724095]
 [18.56863095]]
resids [[0.0068885 ]
 [0.00678908]
 [0.28666253]]
posterior
[[ 4.76955513e+03]
 [ 3.32546121e+03]
 [-4.11739350e+03]
 [-3.85115113e+00]
 [-1.96996595e+00]
 [-6.08819343e+00]]
[[ 4.90022121e+03]
 [ 3.39376368e+03]
 [-3.92050884e+03]
 [-3.68128734e+00]
 [-1.85134005e+00]
 [-6.23784776e+00]]
[[ 4.24350349e+00  2.48585747e+00 -2.99168659e+00 -2.05208166e-03
  -1.01898577e-03 -3.69016214e-03]
 [ 2.48585747e+00  2.69727012e+00 -2.20596773e+00 -1.58255281e-03
  -7.82881309e-04 -2.64136208e-03]
 [-2.99168659e+00 -2.20596773e+00  2.27608363e+00  1.58674443e-03
   7.86989796e-04  2.77665141e-03]
 [-2.05208166e-03 -1.58255281e-03  1.58674443e-03  2.67743200e-06
   6.68727583e-07  3.94252725e-06]
 [-1.01898577e-03 -7.82881309e-04  7.86989796e-04  6.68727583e-07
   1.41378724e-06  1.89248388e-06]
 [-3.69016214e-03 -2.64136208e-03  2.77665141e-03  3.94252725e-06
   1.89248388e-06  8.93198569e-06]]
[[ 1.55464384]
 [-0.35720421]
 [14.30629206]]
[[-0.10536663]
 [ 0.16675235]
 [ 4.54900142]]
post
sphere_lamr_small
Ybar_post [[ 1.44881606]
 [-0.19353679]
 [14.6428813 ]]
resids [[4.61144290e-04]
 [3.08492893e-03]
 [4.21241218e+00]]
Update Weights
wbar [0.5, 0.5]
beta_list [2.1142183919452173e-05, 0.0]
wf_list [1.0, 0.0]
corrector
extracted model
{'est_weights': array([1.]), 'est_means': array([[ 4.90894394e+03],
       [ 3.39790741e+03],
       [-3.92641126e+03],
       [-3.68537574e+00],
       [-1.85340102e+00],
       [-6.24514332e+00]]), 'est_covars': array([[ 8.55259973e-01,  5.00186795e-01, -6.07702971e-01,
        -4.21758771e-04, -2.11412201e-04, -7.48736126e-04],
       [ 5.00186795e-01,  1.53315422e+00, -8.09912239e-01,
        -6.30717575e-04, -3.12527423e-04, -9.20588859e-04],
       [-6.07702971e-01, -8.09912239e-01,  5.99584305e-01,
         4.41409144e-04,  2.20081881e-04,  7.08680436e-04],
       [-4.21758771e-04, -6.30717575e-04,  4.41409144e-04,
         1.90710418e-06,  2.88948291e-07,  2.55164706e-06],
       [-2.11412201e-04, -3.12527423e-04,  2.20081881e-04,
         2.88948291e-07,  1.22642727e-06,  1.20752184e-06],
       [-7.48736126e-04, -9.20588859e-04,  7.08680436e-04,
         2.55164706e-06,  1.20752184e-06,  6.41933171e-06]])}
model bank
{'sphere_lamr_small': {'weight': array(0.), 'spacecraftConfig': {'type': '3DoF', 'mass': 1.0, 'radius': 5.641895835477564e-05, 'time': datetime.datetime(2018, 7, 12, 20, 18, 30), 'brdf_function': <function lambertian_sphere at 0x00000283CF311F28>, 'intfcn': <function ode_twobody_j2_drag_srp_ukf at 0x00000283CF316B70>, 'integrator': 'dop853', 'X': array([[ 4.90022121e+03],
       [ 3.39376368e+03],
       [-3.92050884e+03],
       [-3.68128734e+00],
       [-1.85134005e+00],
       [-6.23784776e+00]]), 'covar': array([[ 4.24350349e+00,  2.48585747e+00, -2.99168659e+00,
        -2.05208166e-03, -1.01898577e-03, -3.69016214e-03],
       [ 2.48585747e+00,  2.69727012e+00, -2.20596773e+00,
        -1.58255281e-03, -7.82881309e-04, -2.64136208e-03],
       [-2.99168659e+00, -2.20596773e+00,  2.27608363e+00,
         1.58674443e-03,  7.86989796e-04,  2.77665141e-03],
       [-2.05208166e-03, -1.58255281e-03,  1.58674443e-03,
         2.67743200e-06,  6.68727583e-07,  3.94252725e-06],
       [-1.01898577e-03, -7.82881309e-04,  7.86989796e-04,
         6.68727583e-07,  1.41378724e-06,  1.89248388e-06],
       [-3.69016214e-03, -2.64136208e-03,  2.77665141e-03,
         3.94252725e-06,  1.89248388e-06,  8.93198569e-06]])}, 'forcesCoeff': {'order': 2, 'degree': 0, 'dragCoeff': 2.2, 'emissivity': 0.05, 'solar_flux': 1367.0, 'Q': array([[1.e-12, 0.e+00, 0.e+00],
       [0.e+00, 1.e-12, 0.e+00],
       [0.e+00, 0.e+00, 1.e-12]])}, 'surfaces': {0: {'brdf_params': {'cSunVis': 455.0, 'd': 1.0, 'rho': 0.75, 's': 0.0, 'Fo': 0.5}}}, 'resids': array([[4.61144290e-04],
       [3.08492893e-03],
       [4.21241218e+00]])}, 'cubesat_nadir': {'weight': array(1.), 'spacecraftConfig': {'type': '3att', 'mass': 1.0, 'time': datetime.datetime(2018, 7, 12, 20, 18, 30), 'brdf_function': <function ashikhmin_premoze at 0x00000283CF3160D0>, 'intfcn': <function ode_twobody_j2_drag_srp_notorque_ukf at 0x00000283CF316EA0>, 'integrator': 'dop853', 'X': array([[ 4.90894394e+03],
       [ 3.39790741e+03],
       [-3.92641126e+03],
       [-3.68537574e+00],
       [-1.85340102e+00],
       [-6.24514332e+00],
       [ 5.63018481e-01],
       [ 1.90785625e-01],
       [-7.77137587e-01],
       [ 2.06562840e-01],
       [-2.54109884e-20],
       [-1.04426738e-03],
       [-8.77772625e-19]]), 'moi': array([[1.66666667e-09, 0.00000000e+00, 0.00000000e+00],
       [0.00000000e+00, 8.33333333e-09, 0.00000000e+00],
       [0.00000000e+00, 0.00000000e+00, 8.33333333e-09]]), 'comOffset': array([0., 0., 0.]), 'covar': array([[ 8.55259973e-01,  5.00186795e-01, -6.07702971e-01,
        -4.21758771e-04, -2.11412201e-04, -7.48736126e-04],
       [ 5.00186795e-01,  1.53315422e+00, -8.09912239e-01,
        -6.30717575e-04, -3.12527423e-04, -9.20588859e-04],
       [-6.07702971e-01, -8.09912239e-01,  5.99584305e-01,
         4.41409144e-04,  2.20081881e-04,  7.08680436e-04],
       [-4.21758771e-04, -6.30717575e-04,  4.41409144e-04,
         1.90710418e-06,  2.88948291e-07,  2.55164706e-06],
       [-2.11412201e-04, -3.12527423e-04,  2.20081881e-04,
         2.88948291e-07,  1.22642727e-06,  1.20752184e-06],
       [-7.48736126e-04, -9.20588859e-04,  7.08680436e-04,
         2.55164706e-06,  1.20752184e-06,  6.41933171e-06]])}, 'forcesCoeff': {'order': 2, 'degree': 0, 'dragCoeff': 3.0, 'emissivity': 0.05, 'solar_flux': 1367.0, 'Q': array([[1.e-10, 0.e+00, 0.e+00],
       [0.e+00, 1.e-10, 0.e+00],
       [0.e+00, 0.e+00, 1.e-10]])}, 'surfaces': {0: {'brdf_params': {'cSunVis': 455, 'd': 0.5, 'rho': 0.75, 's': 0.5, 'Fo': 0.75, 'nu': 10, 'nv': 10}, 'area': 1.0000000000000002e-08, 'center': array([[0.00015],
       [0.     ],
       [0.     ]]), 'norm_body_hat': array([[1.],
       [0.],
       [0.]]), 'u_body_hat': array([[0.],
       [1.],
       [0.]]), 'v_body_hat': array([[0.],
       [0.],
       [1.]])}, 1: {'brdf_params': {'cSunVis': 455, 'd': 0.5, 'rho': 0.75, 's': 0.5, 'Fo': 0.75, 'nu': 10, 'nv': 10}, 'area': 1.0000000000000002e-08, 'center': array([[-0.00015],
       [ 0.     ],
       [ 0.     ]]), 'norm_body_hat': array([[-1.],
       [ 0.],
       [ 0.]]), 'u_body_hat': array([[0.],
       [1.],
       [0.]]), 'v_body_hat': array([[ 0.],
       [ 0.],
       [-1.]])}, 2: {'brdf_params': {'cSunVis': 455, 'd': 0.5, 'rho': 0.75, 's': 0.5, 'Fo': 0.75, 'nu': 10, 'nv': 10}, 'area': 3e-08, 'center': array([[0.e+00],
       [5.e-05],
       [0.e+00]]), 'norm_body_hat': array([[0.],
       [1.],
       [0.]]), 'u_body_hat': array([[-1.],
       [ 0.],
       [ 0.]]), 'v_body_hat': array([[0.],
       [0.],
       [1.]])}, 3: {'brdf_params': {'cSunVis': 455, 'd': 0.5, 'rho': 0.75, 's': 0.5, 'Fo': 0.75, 'nu': 10, 'nv': 10}, 'area': 3e-08, 'center': array([[ 0.e+00],
       [-5.e-05],
       [ 0.e+00]]), 'norm_body_hat': array([[ 0.],
       [-1.],
       [ 0.]]), 'u_body_hat': array([[1.],
       [0.],
       [0.]]), 'v_body_hat': array([[0.],
       [0.],
       [1.]])}, 4: {'brdf_params': {'cSunVis': 455, 'd': 0.5, 'rho': 0.75, 's': 0.5, 'Fo': 0.75, 'nu': 10, 'nv': 10}, 'area': 3e-08, 'center': array([[0.e+00],
       [0.e+00],
       [5.e-05]]), 'norm_body_hat': array([[0.],
       [0.],
       [1.]]), 'u_body_hat': array([[1.],
       [0.],
       [0.]]), 'v_body_hat': array([[0.],
       [1.],
       [0.]])}, 5: {'brdf_params': {'cSunVis': 455, 'd': 0.5, 'rho': 0.75, 's': 0.5, 'Fo': 0.75, 'nu': 10, 'nv': 10}, 'area': 3e-08, 'center': array([[ 0.e+00],
       [ 0.e+00],
       [-5.e-05]]), 'norm_body_hat': array([[ 0.],
       [ 0.],
       [-1.]]), 'u_body_hat': array([[1.],
       [0.],
       [0.]]), 'v_body_hat': array([[ 0.],
       [-1.],
       [ 0.]])}}, 'resids': array([[0.0068885 ],
       [0.00678908],
       [0.28666253]])}}
Current time:  2018-07-12 20:18:40
cubesat_nadir
{'type': '3att', 'mass': 1.0, 'time': datetime.datetime(2018, 7, 12, 20, 18, 30), 'brdf_function': <function ashikhmin_premoze at 0x00000283CF3160D0>, 'intfcn': <function ode_twobody_j2_drag_srp_notorque_ukf at 0x00000283CF316EA0>, 'integrator': 'dop853', 'X': array([[ 4.90894394e+03],
       [ 3.39790741e+03],
       [-3.92641126e+03],
       [-3.68537574e+00],
       [-1.85340102e+00],
       [-6.24514332e+00],
       [ 5.63018481e-01],
       [ 1.90785625e-01],
       [-7.77137587e-01],
       [ 2.06562840e-01],
       [-2.54109884e-20],
       [-1.04426738e-03],
       [-8.77772625e-19]]), 'moi': array([[1.66666667e-09, 0.00000000e+00, 0.00000000e+00],
       [0.00000000e+00, 8.33333333e-09, 0.00000000e+00],
       [0.00000000e+00, 0.00000000e+00, 8.33333333e-09]]), 'comOffset': array([0., 0., 0.]), 'covar': array([[ 8.55259973e-01,  5.00186795e-01, -6.07702971e-01,
        -4.21758771e-04, -2.11412201e-04, -7.48736126e-04],
       [ 5.00186795e-01,  1.53315422e+00, -8.09912239e-01,
        -6.30717575e-04, -3.12527423e-04, -9.20588859e-04],
       [-6.07702971e-01, -8.09912239e-01,  5.99584305e-01,
         4.41409144e-04,  2.20081881e-04,  7.08680436e-04],
       [-4.21758771e-04, -6.30717575e-04,  4.41409144e-04,
         1.90710418e-06,  2.88948291e-07,  2.55164706e-06],
       [-2.11412201e-04, -3.12527423e-04,  2.20081881e-04,
         2.88948291e-07,  1.22642727e-06,  1.20752184e-06],
       [-7.48736126e-04, -9.20588859e-04,  7.08680436e-04,
         2.55164706e-06,  1.20752184e-06,  6.41933171e-06]])}
[[ 4.90894394e+03]
 [ 3.39790741e+03]
 [-3.92641126e+03]
 [-3.68537574e+00]
 [-1.85340102e+00]
 [-6.24514332e+00]
 [ 5.63018481e-01]
 [ 1.90785625e-01]
 [-7.77137587e-01]
 [ 2.06562840e-01]
 [-2.54109884e-20]
 [-1.04426738e-03]
 [-8.77772625e-19]]
2018-07-12 20:18:30
delta_t 10.0

 Process Noise
sphere_lamr_small
{'type': '3DoF', 'mass': 1.0, 'radius': 5.641895835477564e-05, 'time': datetime.datetime(2018, 7, 12, 20, 18, 30), 'brdf_function': <function lambertian_sphere at 0x00000283CF311F28>, 'intfcn': <function ode_twobody_j2_drag_srp_ukf at 0x00000283CF316B70>, 'integrator': 'dop853', 'X': array([[ 4.90022121e+03],
       [ 3.39376368e+03],
       [-3.92050884e+03],
       [-3.68128734e+00],
       [-1.85134005e+00],
       [-6.23784776e+00]]), 'covar': array([[ 4.24350349e+00,  2.48585747e+00, -2.99168659e+00,
        -2.05208166e-03, -1.01898577e-03, -3.69016214e-03],
       [ 2.48585747e+00,  2.69727012e+00, -2.20596773e+00,
        -1.58255281e-03, -7.82881309e-04, -2.64136208e-03],
       [-2.99168659e+00, -2.20596773e+00,  2.27608363e+00,
         1.58674443e-03,  7.86989796e-04,  2.77665141e-03],
       [-2.05208166e-03, -1.58255281e-03,  1.58674443e-03,
         2.67743200e-06,  6.68727583e-07,  3.94252725e-06],
       [-1.01898577e-03, -7.82881309e-04,  7.86989796e-04,
         6.68727583e-07,  1.41378724e-06,  1.89248388e-06],
       [-3.69016214e-03, -2.64136208e-03,  2.77665141e-03,
         3.94252725e-06,  1.89248388e-06,  8.93198569e-06]])}
[[ 4.90022121e+03]
 [ 3.39376368e+03]
 [-3.92050884e+03]
 [-3.68128734e+00]
 [-1.85134005e+00]
 [-6.23784776e+00]]
2018-07-12 20:18:30
delta_t 10.0

 Process Noise
predictor
{'sphere_lamr_small': {'weight': array(0.), 'spacecraftConfig': {'type': '3DoF', 'mass': 1.0, 'radius': 5.641895835477564e-05, 'time': datetime.datetime(2018, 7, 12, 20, 18, 30), 'brdf_function': <function lambertian_sphere at 0x00000283CF311F28>, 'intfcn': <function ode_twobody_j2_drag_srp_ukf at 0x00000283CF316B70>, 'integrator': 'dop853', 'X': array([[ 4.86314015e+03],
       [ 3.37506446e+03],
       [-3.98267069e+03],
       [-3.73483182e+00],
       [-1.88846175e+00],
       [-6.19439209e+00]]), 'covar': array([[ 4.20355393e+00,  2.46055588e+00, -3.01301403e+00,
        -1.94323374e-03, -9.50354370e-04, -3.72268621e-03],
       [ 2.46055588e+00,  2.68211311e+00, -2.22480480e+00,
        -1.50884793e-03, -7.32941363e-04, -2.67500379e-03],
       [-3.01301403e+00, -2.22480480e+00,  2.33305982e+00,
         1.56028922e-03,  7.61676319e-04,  2.92145693e-03],
       [-1.94323374e-03, -1.50884793e-03,  1.56028922e-03,
         2.58760799e-06,  6.17215064e-07,  3.89928464e-06],
       [-9.50354370e-04, -7.32941363e-04,  7.61676319e-04,
         6.17215064e-07,  1.38488910e-06,  1.85601581e-06],
       [-3.72268621e-03, -2.67500379e-03,  2.92145693e-03,
         3.89928464e-06,  1.85601581e-06,  9.06609978e-06]])}, 'forcesCoeff': {'order': 2, 'degree': 0, 'dragCoeff': 2.2, 'emissivity': 0.05, 'solar_flux': 1367.0, 'Q': array([[1.e-12, 0.e+00, 0.e+00],
       [0.e+00, 1.e-12, 0.e+00],
       [0.e+00, 0.e+00, 1.e-12]])}, 'surfaces': {0: {'brdf_params': {'cSunVis': 455.0, 'd': 1.0, 'rho': 0.75, 's': 0.0, 'Fo': 0.5}}}, 'resids': array([[4.61144290e-04],
       [3.08492893e-03],
       [4.21241218e+00]])}, 'cubesat_nadir': {'weight': array(1.), 'spacecraftConfig': {'type': '3att', 'mass': 1.0, 'time': datetime.datetime(2018, 7, 12, 20, 18, 30), 'brdf_function': <function ashikhmin_premoze at 0x00000283CF3160D0>, 'intfcn': <function ode_twobody_j2_drag_srp_notorque_ukf at 0x00000283CF316EA0>, 'integrator': 'dop853', 'X': array([[ 4.87182278e+03],
       [ 3.37918826e+03],
       [-3.98864679e+03],
       [-3.73876355e+00],
       [-1.89039355e+00],
       [-6.20182751e+00],
       [ 5.58953128e-01],
       [ 1.89704495e-01],
       [-7.80066689e-01],
       [ 2.07556175e-01],
       [-2.54109884e-20],
       [-1.04426738e-03],
       [-8.77984912e-19]]), 'moi': array([[1.66666667e-09, 0.00000000e+00, 0.00000000e+00],
       [0.00000000e+00, 8.33333333e-09, 0.00000000e+00],
       [0.00000000e+00, 0.00000000e+00, 8.33333333e-09]]), 'comOffset': array([0., 0., 0.]), 'covar': array([[ 8.47181264e-01,  4.91999578e-01, -6.10687370e-01,
        -3.86190791e-04, -1.96071482e-04, -7.37644916e-04],
       [ 4.91999578e-01,  1.52709481e+00, -8.16933936e-01,
        -5.99354638e-04, -2.93420803e-04, -9.27235650e-04],
       [-6.10687370e-01, -8.16933936e-01,  6.14541474e-01,
         4.48003086e-04,  2.23329884e-04,  7.87181649e-04],
       [-3.86190791e-04, -5.99354638e-04,  4.48003086e-04,
         1.88943147e-06,  2.76149547e-07,  2.53923103e-06],
       [-1.96071482e-04, -2.93420803e-04,  2.23329884e-04,
         2.76149547e-07,  1.23044034e-06,  1.20144491e-06],
       [-7.37644916e-04, -9.27235650e-04,  7.87181649e-04,
         2.53923103e-06,  1.20144491e-06,  6.46252469e-06]])}, 'forcesCoeff': {'order': 2, 'degree': 0, 'dragCoeff': 3.0, 'emissivity': 0.05, 'solar_flux': 1367.0, 'Q': array([[1.e-10, 0.e+00, 0.e+00],
       [0.e+00, 1.e-10, 0.e+00],
       [0.e+00, 0.e+00, 1.e-10]])}, 'surfaces': {0: {'brdf_params': {'cSunVis': 455, 'd': 0.5, 'rho': 0.75, 's': 0.5, 'Fo': 0.75, 'nu': 10, 'nv': 10}, 'area': 1.0000000000000002e-08, 'center': array([[0.00015],
       [0.     ],
       [0.     ]]), 'norm_body_hat': array([[1.],
       [0.],
       [0.]]), 'u_body_hat': array([[0.],
       [1.],
       [0.]]), 'v_body_hat': array([[0.],
       [0.],
       [1.]])}, 1: {'brdf_params': {'cSunVis': 455, 'd': 0.5, 'rho': 0.75, 's': 0.5, 'Fo': 0.75, 'nu': 10, 'nv': 10}, 'area': 1.0000000000000002e-08, 'center': array([[-0.00015],
       [ 0.     ],
       [ 0.     ]]), 'norm_body_hat': array([[-1.],
       [ 0.],
       [ 0.]]), 'u_body_hat': array([[0.],
       [1.],
       [0.]]), 'v_body_hat': array([[ 0.],
       [ 0.],
       [-1.]])}, 2: {'brdf_params': {'cSunVis': 455, 'd': 0.5, 'rho': 0.75, 's': 0.5, 'Fo': 0.75, 'nu': 10, 'nv': 10}, 'area': 3e-08, 'center': array([[0.e+00],
       [5.e-05],
       [0.e+00]]), 'norm_body_hat': array([[0.],
       [1.],
       [0.]]), 'u_body_hat': array([[-1.],
       [ 0.],
       [ 0.]]), 'v_body_hat': array([[0.],
       [0.],
       [1.]])}, 3: {'brdf_params': {'cSunVis': 455, 'd': 0.5, 'rho': 0.75, 's': 0.5, 'Fo': 0.75, 'nu': 10, 'nv': 10}, 'area': 3e-08, 'center': array([[ 0.e+00],
       [-5.e-05],
       [ 0.e+00]]), 'norm_body_hat': array([[ 0.],
       [-1.],
       [ 0.]]), 'u_body_hat': array([[1.],
       [0.],
       [0.]]), 'v_body_hat': array([[0.],
       [0.],
       [1.]])}, 4: {'brdf_params': {'cSunVis': 455, 'd': 0.5, 'rho': 0.75, 's': 0.5, 'Fo': 0.75, 'nu': 10, 'nv': 10}, 'area': 3e-08, 'center': array([[0.e+00],
       [0.e+00],
       [5.e-05]]), 'norm_body_hat': array([[0.],
       [0.],
       [1.]]), 'u_body_hat': array([[1.],
       [0.],
       [0.]]), 'v_body_hat': array([[0.],
       [1.],
       [0.]])}, 5: {'brdf_params': {'cSunVis': 455, 'd': 0.5, 'rho': 0.75, 's': 0.5, 'Fo': 0.75, 'nu': 10, 'nv': 10}, 'area': 3e-08, 'center': array([[ 0.e+00],
       [ 0.e+00],
       [-5.e-05]]), 'norm_body_hat': array([[ 0.],
       [ 0.],
       [-1.]]), 'u_body_hat': array([[1.],
       [0.],
       [0.]]), 'v_body_hat': array([[ 0.],
       [-1.],
       [ 0.]])}}, 'resids': array([[0.0068885 ],
       [0.00678908],
       [0.28666253]])}}
Yi [[ 1.4756305 ]
 [-0.24232522]
 [17.21827851]]
posterior
[[ 4.87182278e+03]
 [ 3.37918826e+03]
 [-3.98864679e+03]
 [-3.73876355e+00]
 [-1.89039355e+00]
 [-6.20182751e+00]
 [ 5.58953128e-01]
 [ 1.89704495e-01]
 [-7.80066689e-01]
 [ 2.07556175e-01]
 [-2.54109884e-20]
 [-1.04426738e-03]
 [-8.77984912e-19]]
[[ 4.86038395e+03]
 [ 3.35496489e+03]
 [-3.97366405e+03]
 [-3.72562356e+00]
 [-1.88388279e+00]
 [-6.17872021e+00]
 [ 5.58953128e-01]
 [ 1.89704495e-01]
 [-7.80066689e-01]
 [ 2.07556175e-01]
 [-2.54109884e-20]
 [-1.04426738e-03]
 [-8.77984912e-19]]
[[ 1.58835962e-03  8.96673393e-03 -2.89531999e-03  1.39489971e-05
   7.11009116e-06  3.51882906e-05]
 [ 8.96673393e-03  1.10280046e-01 -3.37137227e-02  1.27309734e-04
   6.51522558e-05  3.29642508e-04]
 [-2.89531999e-03 -3.37137227e-02  1.10328730e-02 -2.99698764e-05
  -1.53950175e-05 -7.99487508e-05]
 [ 1.39489971e-05  1.27309734e-04 -2.99698764e-05  1.48261652e-06
   7.41233209e-08  1.81750741e-06]
 [ 7.11009116e-06  6.51522558e-05 -1.53950175e-05  7.41233209e-08
   1.13006895e-06  8.42410869e-07]
 [ 3.51882906e-05  3.29642508e-04 -7.99487508e-05  1.81750741e-06
   8.42410869e-07  5.17335504e-06]]
[[ 1.46848994]
 [-0.248866  ]
 [17.04868293]]
[[0.00714055]
 [0.00654078]
 [0.16959558]]
post
cubesat_nadir
Ybar_post [[ 1.47580559]
 [-0.24224171]
 [17.08364408]]
resids [[-1.75092517e-04]
 [-8.35160999e-05]
 [ 1.34634423e-01]]
posterior
[[ 4.86314015e+03]
 [ 3.37506446e+03]
 [-3.98267069e+03]
 [-3.73483182e+00]
 [-1.88846175e+00]
 [-6.19439209e+00]]
[[ 4.86058663e+03]
 [ 3.35539196e+03]
 [-3.97390526e+03]
 [-3.72569002e+00]
 [-1.88402511e+00]
 [-6.17897174e+00]]
[[ 1.47264595e-03  8.27431045e-03 -2.64385734e-03  1.29873704e-05
   6.62384320e-06  3.28475362e-05]
 [ 8.27431045e-03  1.10436236e-01 -3.32855019e-02  1.26368162e-04
   6.46946854e-05  3.28450850e-04]
 [-2.64385734e-03 -3.32855019e-02  1.07500459e-02 -2.92720914e-05
  -1.50534835e-05 -7.84027957e-05]
 [ 1.29873704e-05  1.26368162e-04 -2.92720914e-05  1.46329919e-06
   6.82045501e-08  1.79962029e-06]
 [ 6.62384320e-06  6.46946854e-05 -1.50534835e-05  6.82045501e-08
   1.11679834e-06  8.30507425e-07]
 [ 3.28475362e-05  3.28450850e-04 -7.84027957e-05  1.79962029e-06
   8.30507425e-07  5.13184124e-06]]
[[ 1.47513062]
 [-0.24528255]
 [14.52477717]]
[[4.99879894e-04]
 [2.95733128e-03]
 [2.69350133e+00]]
post
sphere_lamr_small
Ybar_post [[ 1.47567316]
 [-0.24234341]
 [14.4987412 ]]
resids [[-4.26595721e-05]
 [ 1.81865064e-05]
 [ 2.71953731e+00]]
Update Weights
wbar [array(1.), array(0.)]
beta_list [1.5318461481021907e-87, 1.5922529262747625e-218]
wf_list [1.0, 0.0]
corrector
extracted model
{'est_weights': array([1.]), 'est_means': array([[ 4.86038395e+03],
       [ 3.35496489e+03],
       [-3.97366405e+03],
       [-3.72562356e+00],
       [-1.88388279e+00],
       [-6.17872021e+00]]), 'est_covars': array([[ 1.58835962e-03,  8.96673393e-03, -2.89531999e-03,
         1.39489971e-05,  7.11009116e-06,  3.51882906e-05],
       [ 8.96673393e-03,  1.10280046e-01, -3.37137227e-02,
         1.27309734e-04,  6.51522558e-05,  3.29642508e-04],
       [-2.89531999e-03, -3.37137227e-02,  1.10328730e-02,
        -2.99698764e-05, -1.53950175e-05, -7.99487508e-05],
       [ 1.39489971e-05,  1.27309734e-04, -2.99698764e-05,
         1.48261652e-06,  7.41233209e-08,  1.81750741e-06],
       [ 7.11009116e-06,  6.51522558e-05, -1.53950175e-05,
         7.41233209e-08,  1.13006895e-06,  8.42410869e-07],
       [ 3.51882906e-05,  3.29642508e-04, -7.99487508e-05,
         1.81750741e-06,  8.42410869e-07,  5.17335504e-06]])}
model bank
{'sphere_lamr_small': {'weight': array(0.), 'spacecraftConfig': {'type': '3DoF', 'mass': 1.0, 'radius': 5.641895835477564e-05, 'time': datetime.datetime(2018, 7, 12, 20, 18, 40), 'brdf_function': <function lambertian_sphere at 0x00000283CF311F28>, 'intfcn': <function ode_twobody_j2_drag_srp_ukf at 0x00000283CF316B70>, 'integrator': 'dop853', 'X': array([[ 4.86058663e+03],
       [ 3.35539196e+03],
       [-3.97390526e+03],
       [-3.72569002e+00],
       [-1.88402511e+00],
       [-6.17897174e+00]]), 'covar': array([[ 1.47264595e-03,  8.27431045e-03, -2.64385734e-03,
         1.29873704e-05,  6.62384320e-06,  3.28475362e-05],
       [ 8.27431045e-03,  1.10436236e-01, -3.32855019e-02,
         1.26368162e-04,  6.46946854e-05,  3.28450850e-04],
       [-2.64385734e-03, -3.32855019e-02,  1.07500459e-02,
        -2.92720914e-05, -1.50534835e-05, -7.84027957e-05],
       [ 1.29873704e-05,  1.26368162e-04, -2.92720914e-05,
         1.46329919e-06,  6.82045501e-08,  1.79962029e-06],
       [ 6.62384320e-06,  6.46946854e-05, -1.50534835e-05,
         6.82045501e-08,  1.11679834e-06,  8.30507425e-07],
       [ 3.28475362e-05,  3.28450850e-04, -7.84027957e-05,
         1.79962029e-06,  8.30507425e-07,  5.13184124e-06]])}, 'forcesCoeff': {'order': 2, 'degree': 0, 'dragCoeff': 2.2, 'emissivity': 0.05, 'solar_flux': 1367.0, 'Q': array([[1.e-12, 0.e+00, 0.e+00],
       [0.e+00, 1.e-12, 0.e+00],
       [0.e+00, 0.e+00, 1.e-12]])}, 'surfaces': {0: {'brdf_params': {'cSunVis': 455.0, 'd': 1.0, 'rho': 0.75, 's': 0.0, 'Fo': 0.5}}}, 'resids': array([[-4.26595721e-05],
       [ 1.81865064e-05],
       [ 2.71953731e+00]])}, 'cubesat_nadir': {'weight': array(1.), 'spacecraftConfig': {'type': '3att', 'mass': 1.0, 'time': datetime.datetime(2018, 7, 12, 20, 18, 40), 'brdf_function': <function ashikhmin_premoze at 0x00000283CF3160D0>, 'intfcn': <function ode_twobody_j2_drag_srp_notorque_ukf at 0x00000283CF316EA0>, 'integrator': 'dop853', 'X': array([[ 4.86038395e+03],
       [ 3.35496489e+03],
       [-3.97366405e+03],
       [-3.72562356e+00],
       [-1.88388279e+00],
       [-6.17872021e+00],
       [ 5.58953128e-01],
       [ 1.89704495e-01],
       [-7.80066689e-01],
       [ 2.07556175e-01],
       [-2.54109884e-20],
       [-1.04426738e-03],
       [-8.77984912e-19]]), 'moi': array([[1.66666667e-09, 0.00000000e+00, 0.00000000e+00],
       [0.00000000e+00, 8.33333333e-09, 0.00000000e+00],
       [0.00000000e+00, 0.00000000e+00, 8.33333333e-09]]), 'comOffset': array([0., 0., 0.]), 'covar': array([[ 1.58835962e-03,  8.96673393e-03, -2.89531999e-03,
         1.39489971e-05,  7.11009116e-06,  3.51882906e-05],
       [ 8.96673393e-03,  1.10280046e-01, -3.37137227e-02,
         1.27309734e-04,  6.51522558e-05,  3.29642508e-04],
       [-2.89531999e-03, -3.37137227e-02,  1.10328730e-02,
        -2.99698764e-05, -1.53950175e-05, -7.99487508e-05],
       [ 1.39489971e-05,  1.27309734e-04, -2.99698764e-05,
         1.48261652e-06,  7.41233209e-08,  1.81750741e-06],
       [ 7.11009116e-06,  6.51522558e-05, -1.53950175e-05,
         7.41233209e-08,  1.13006895e-06,  8.42410869e-07],
       [ 3.51882906e-05,  3.29642508e-04, -7.99487508e-05,
         1.81750741e-06,  8.42410869e-07,  5.17335504e-06]])}, 'forcesCoeff': {'order': 2, 'degree': 0, 'dragCoeff': 3.0, 'emissivity': 0.05, 'solar_flux': 1367.0, 'Q': array([[1.e-10, 0.e+00, 0.e+00],
       [0.e+00, 1.e-10, 0.e+00],
       [0.e+00, 0.e+00, 1.e-10]])}, 'surfaces': {0: {'brdf_params': {'cSunVis': 455, 'd': 0.5, 'rho': 0.75, 's': 0.5, 'Fo': 0.75, 'nu': 10, 'nv': 10}, 'area': 1.0000000000000002e-08, 'center': array([[0.00015],
       [0.     ],
       [0.     ]]), 'norm_body_hat': array([[1.],
       [0.],
       [0.]]), 'u_body_hat': array([[0.],
       [1.],
       [0.]]), 'v_body_hat': array([[0.],
       [0.],
       [1.]])}, 1: {'brdf_params': {'cSunVis': 455, 'd': 0.5, 'rho': 0.75, 's': 0.5, 'Fo': 0.75, 'nu': 10, 'nv': 10}, 'area': 1.0000000000000002e-08, 'center': array([[-0.00015],
       [ 0.     ],
       [ 0.     ]]), 'norm_body_hat': array([[-1.],
       [ 0.],
       [ 0.]]), 'u_body_hat': array([[0.],
       [1.],
       [0.]]), 'v_body_hat': array([[ 0.],
       [ 0.],
       [-1.]])}, 2: {'brdf_params': {'cSunVis': 455, 'd': 0.5, 'rho': 0.75, 's': 0.5, 'Fo': 0.75, 'nu': 10, 'nv': 10}, 'area': 3e-08, 'center': array([[0.e+00],
       [5.e-05],
       [0.e+00]]), 'norm_body_hat': array([[0.],
       [1.],
       [0.]]), 'u_body_hat': array([[-1.],
       [ 0.],
       [ 0.]]), 'v_body_hat': array([[0.],
       [0.],
       [1.]])}, 3: {'brdf_params': {'cSunVis': 455, 'd': 0.5, 'rho': 0.75, 's': 0.5, 'Fo': 0.75, 'nu': 10, 'nv': 10}, 'area': 3e-08, 'center': array([[ 0.e+00],
       [-5.e-05],
       [ 0.e+00]]), 'norm_body_hat': array([[ 0.],
       [-1.],
       [ 0.]]), 'u_body_hat': array([[1.],
       [0.],
       [0.]]), 'v_body_hat': array([[0.],
       [0.],
